1	number of sets,	Nset	 	 	 	 	 	 	 	 	 	 	 	 	 	 	 	 
-------------------------------------------------------------------------------------------------------------------------------------------------------------------------------------------------------------------------	 	 	 	 	 	 	 	 	 	 	 	 	 	 	 	 	 	 
#1	user_mads	generated blade	 	 	 	 	 	 	 	 	 	 	 	 	 	 	 	 
r	m	x_cg	y_cg	ri_x	ri_y	x_sh	y_sh	E	G	I_x	I_y	I_p	k_x	k_y	A	pitch	x_e	y_e
$1	51	 	 	 	 	 	 	 	 	 	 	 	 	 	 	 	 	 
0	1438.90479449943	-0.00461772323363788	-0.00385601389315286	2.00608375130848	1.94146546368679	-0.00317804919733291	-0.0104045304978258	12612377674.2	2526806621.37	7.17840636180807	7.07851747854849	15.8997211295098	0.545214453283	0.70390231177	1.70588203910904	0	-0.00535231080097287	-0.00355249235346401
2.21640966769331	1441.48424123811	-0.00598751966817609	-0.00401025084460531	2.0068803064402	1.94118745962674	-0.00393558455220475	-0.010560336417207	12641876417.3	2527648248.87	7.19681265280048	7.07418367989803	15.9072769217574	0.545670750873	0.702969821182	1.707254104681	0	-0.00689917002523619	-0.00362902697458609
4.11604168925271	1454.94054280556	-0.0129321119797509	-0.00626616976257751	2.00125375615597	1.93550730094554	-0.00175630621537655	-0.00932484359583496	12511695058.5	2480149313.26	7.36760036162688	7.14910098891141	16.1210031556289	0.550445469984	0.69372627938	1.74824255008524	0	-0.00673846676836348	-0.00452277500571515
6.01549773545145	1417.10222034658	-0.0190121144506421	-0.00594870603145033	1.9716929329304	1.92212592799078	0.00687764469565879	0.00544904450523876	12321252010.2	2428219917.77	7.14309798542324	6.89826109621227	15.4243198791877	0.561434222152	0.673886193614	1.73338658000067	0	-0.0176728415582276	-0.00491585251872741
7.91498677703031	1347.10706805831	-0.00156829110646983	-0.00905299189903067	1.90904091619678	1.89338909543452	0.0411110627835907	0.0122221520428183	11441437746.4	2208310035.22	6.97733083506802	6.78420089671735	14.6711121537438	0.570072557114	0.640387719722	1.78134451770322	0	0.0148863328945044	-0.0057695235098191
9.81447581860917	1269.30992580486	0.0210734378953624	-0.00400185699055325	1.78033634146994	1.89130927240854	0.12335315904733	0.0407704269297222	10953450524.2	2086808227.72	5.89180620847698	6.79498977674348	12.8953508093428	0.585727718715	0.584744628053	1.76270264661615	-42.803954889	0.0449333132852828	0.00275992982710057
11.713689898687	1178.97028991203	0.107911022475515	0.00435869686526335	1.6653729310344	1.83204821056676	0.31991681413127	0.0741666678302208	10162502747.9	1902067135.51	5.1537915559253	6.3264940754177	10.7469902482295	0.593914786389	0.524565023425	1.76507788313575	-35.9093973106	0.150135924654075	0.00887387190396373
13.6116941481602	1099.26983245329	0.171756166094618	0.0136695043810859	1.52190272906123	1.79476026208159	0.549164003903229	0.110145527870581	9683211777.17	1785633828.87	4.29014695096449	5.72241548180637	8.27719256029931	0.591366888723	0.459890502164	1.73028169173239	-25.7368282582	0.224486783612793	0.0120847047333292
15.5124480126439	1051.04041364833	0.279722205443764	0.024267399852219	1.3746056856712	1.76823300733459	0.829636623030842	0.100631738772999	9337642400.86	1709739599.88	3.55581236195706	5.29157852153552	6.37411201712551	0.595426986291	0.407051053729	1.71709313430809	-18.9268944137	0.341346080490436	0.0180597915584453
17.0962262587129	1022.77727381832	0.353824509949925	0.0335534950558869	1.26897231117849	1.75962705797822	1.02790113019797	0.105627611276773	9374648500.68	1739422962.51	2.98510781619822	4.95838555314196	5.07122001808666	0.612697499749	0.363630007075	1.66407790671217	-14.2762525364	0.424441009928192	0.0250109568629115
19.4651845671908	937.671264890771	0.423634349553265	0.0351318166210174	1.15580198819643	1.75107634132639	1.19826752944196	0.114012084109632	8624632891.03	1589827470.8	2.50876963769993	4.66606165393966	3.72937140391413	0.577991026308	0.336677023812	1.63901157100158	-10.9738059677	0.532010874103409	0.0238421641359353
21.3718776000973	890.060958452734	0.467963269007866	0.0418777907369558	1.0924014107863	1.75826715505807	1.20141427153544	0.134401834288856	8437603185.71	1562263152.29	2.19463023671987	4.40217827297782	3.13846126691727	0.542997605606	0.333383470529	1.57863203675727	-8.8682456551	0.605402213304725	0.0315263182803945
23.2719715569784	836.02620809815	0.529118170281463	0.0454896724606044	1.03940559245493	1.74574354761361	1.28807199889201	0.134692601881408	8129262897.71	1503444060.46	1.94543826895838	4.12791714202678	2.56741114565451	0.497972348899	0.324537240391	1.52805317949195	-7.62193797532	0.682777250507597	0.0367566015659819
25.1714056062571	792.149678777407	0.590236560793242	0.0463448025342085	0.991275832666711	1.72940283602993	1.36125038403805	0.129725660467235	7849814928.26	1450790697.64	1.73970637081563	3.84862317920937	2.13726424070184	0.456135493187	0.319326664617	1.48843166439371	-6.78958281614	0.765874648767478	0.0388868924876678
27.0708396555357	757.098112671432	0.644253261844441	0.044741506182722	0.946149578987976	1.70748150802056	1.4167286586297	0.123297465454511	7693317886.19	1422515663.99	1.54796530537008	3.57034620404265	1.79366133398632	0.422567518054	0.315973843189	1.44422149427247	-6.09029504858	0.834780855332595	0.0379775170354421
28.9708236278165	717.717314352185	0.632606873943513	0.0405753831101528	0.893916984824277	1.72018032964427	1.44510635178314	0.108261931399192	7680136993.51	1413741898.6	1.31138417766836	3.57311096041613	1.46838277282519	0.382262516659	0.312854849415	1.37220550281922	-4.89340182369	0.807917569464256	0.0338282902789221
30.8708076000973	702.775747986761	0.647310719311479	0.0327412925625546	0.848634870069951	1.68814674559021	1.43998222814626	0.0927723794298611	7752077616.81	1424328088.94	1.15015762949812	3.33405993816401	1.27648619824046	0.382688520919	0.309143340766	1.33531072203722	-4.52981765889	0.829033070989846	0.0258392612040312
32.7702416493759	684.940935904952	0.66710262000276	0.0256147523929853	0.807421318698589	1.65231917466415	1.45321323501664	0.0795632068739302	7832661956.79	1430158109.95	1.00831235347081	3.084284415273	1.1147658199699	0.375420806946	0.30417528738	1.29468774322254	-4.25212695888	0.849238376936972	0.0184241527634906
34.6703356062571	663.178733634472	0.672129351028743	0.0210402970146283	0.771025269647929	1.60833418798094	1.43808065521545	0.0692224629253786	8143831679.29	1481598438.16	0.86209541206351	2.70325456040831	0.949990211609699	0.378892355371	0.2990642728	1.21682670248943	-4.1030514815	0.869536018331579	0.0135874988229972
36.5703195785378	640.69460270107	0.689497865500612	0.0192569816003995	0.737671462749591	1.5599473601589	1.42670109465039	0.0650846138951775	8181877692.72	1477206429.93	0.762021205927142	2.42110697174188	0.825618178042017	0.373799570502	0.292541455544	1.17584598063063	-3.92621953328	0.890594584547011	0.0116711905345482
38.4698636124169	617.304772144414	0.696933269073255	0.0192428288643958	0.706250385326346	1.51761147488648	1.40734378776362	0.0633230140572356	8679322067.65	1562072450.48	0.639061519433945	2.09526701528028	0.697436783065556	0.376293369023	0.28519648937	1.08208556170414	-3.65066488176	0.89077973920044	0.0118132667118028
40.3698475846977	598.396913348366	0.683258021120029	0.0203873075332135	0.67342000987935	1.47783930304376	1.37312892864448	0.0635403835249121	8752987815.52	1571157655.52	0.560056339886006	1.91888693564832	0.609452599195973	0.377973257684	0.27764941463	1.04411833827643	-3.3504185092	0.873518468908694	0.0130476036824512
42.2698315569784	577.630671061921	0.678291063820781	0.021767004307767	0.642722699360226	1.43169545753183	1.34801702063762	0.0646703795988415	8820317413.19	1572232085.56	0.490271370259394	1.73197801696609	0.531251100330522	0.370806048913	0.272894623873	1.00496756258693	-3.09232431677	0.86133144987755	0.0145544850756023
44.0742389114929	557.567978494003	0.659178553381051	0.0236459106938522	0.614601972368474	1.39284247888556	1.30835330816187	0.0652789308301522	8971864278.16	1593495436.64	0.427003061502512	1.54420828064242	0.461802823786202	0.373415872724	0.267408641744	0.9584208153546	-2.88612837291	0.845011856495287	0.0164864999399431
45.9744428529745	534.400962778866	0.643645413163742	0.0255592012789473	0.586831247418417	1.34588589629563	1.27437249755924	0.0665238722843456	9146474574.8	1619973515.93	0.36737036096669	1.36027071391704	0.400318925490656	0.378479795948	0.259317345259	0.906345170949912	-2.64582033639	0.829734443140884	0.0186028727025407
47.8743168406549	514.509212341328	0.623032963200399	0.0275386273364233	0.559395037693953	1.30815344717056	1.24009746523828	0.0671998167481709	9299849790.06	1644331486.91	0.316949747018927	1.21217440583605	0.348699735884717	0.381305451928	0.255092204416	0.861573315536866	-2.41070220194	0.808314885039909	0.0207390296749969
49.7737508899335	485.536462215829	0.631801209307567	0.0285678699191804	0.536428153601318	1.24750181924096	1.2026663636678	0.0683026546599513	9645783763.29	1692481905.94	0.266479307743397	1.00794158975781	0.2921043312118	0.377531536008	0.255072698927	0.791094355962699	-2.25522137823	0.803244191382987	0.0222282808011035
51.6738448468147	465.893908890985	0.609545270073641	0.0300232737639301	0.511571120867501	1.20990759023789	1.16660446631613	0.0683281374265721	9618947597.95	1687492685.76	0.233494721223969	0.908653675593948	0.257611037748049	0.381134221518	0.248079458386	0.761904263206733	-2.04702806416	0.778616752082169	0.0238880296655479
53.5738288190955	442.672997749034	0.601870580138363	0.0307429819203083	0.48999452356669	1.16328928216919	1.12945494988229	0.0684402930179706	10275011731.7	1799754639.29	0.191625584938871	0.758901269486125	0.214642251123972	0.384799681777	0.246663346333	0.685671997392846	-1.85495271745	0.75759437590576	0.0250262233346547
55.4732628683741	419.676615416392	0.584395924145781	0.031322526810884	0.468724126716088	1.12071720638617	1.09109250620099	0.0681860222751745	10176537170.3	1770943086.03	0.168078837541942	0.671387774515478	0.186042050805474	0.379476372792	0.242590981211	0.65728931079676	-1.69588495154	0.736913280437671	0.025809675123469
57.468273535419	394.739609222435	0.577248788961418	0.0313373448603434	0.449280700918226	1.06339025048226	1.04971285990693	0.067192733824042	10847391413.5	1889262015.81	0.136937078537541	0.538429536551735	0.153714190499599	0.383854495694	0.242495291277	0.585660752735106	-1.56302374438	0.719960757127879	0.0262357468729549
59.3682575076998	375.315947896036	0.552326963012673	0.0314438488692926	0.429932676528263	1.02874856386489	1.01269767000276	0.0656980991545564	11002096014	1915659137.31	0.117756854376562	0.470785784889476	0.133538469079248	0.388722172938	0.239351865742	0.550537788587325	-1.41748890706	0.693509734214225	0.0264686723956684
61.2678015415789	352.808638346172	0.545911598898021	0.0307567967392957	0.413200648609839	0.982813151454939	0.978199515425941	0.064620110436177	11447574551.5	1987667956.53	0.0986177806628641	0.389845941524851	0.112167167549424	0.381294661006	0.241700143605	0.500648295603329	-1.28933588095	0.674467214835242	0.0261951202856778
63.1677855138596	329.553735336482	0.529649310125608	0.0300429912699983	0.397341268387376	0.939010169524491	0.932282465891997	0.0627249247280736	11902644744.2	2068905438.56	0.0821667419309255	0.321589206893217	0.0937639162773128	0.386941076773	0.239905598801	0.452319272387618	-1.18736915534	0.648142206908402	0.0258088452866893
65.0677694861404	310.817526754485	0.505205722995487	0.0293528964282391	0.380708737571388	0.904906252228138	0.895296972019107	0.060001134459166	11754670770.1	2051982945.42	0.0719652149057435	0.282734177355985	0.0830886861535206	0.393976354567	0.238338227404	0.430622668993397	-1.09543494599	0.621655664141388	0.0252128920734874
66.967203535419	287.624251881445	0.494594895550764	0.0280066785922162	0.367353761214389	0.861866577061605	0.86184556311019	0.0580251638664104	12547189500	2198199564.1	0.0582541496192877	0.22413286022098	0.0674889802154943	0.387570793502	0.238583154001	0.376185659820596	-0.994761110541	0.602381706950349	0.0241839567056554
68.7994369938402	268.264214075077	0.468080703331609	0.0271149200110208	0.352715169613066	0.832625032970823	0.826514679192713	0.0552486527183973	12633803153.2	2222454858.9	0.0497071957178101	0.193025911871004	0.0587058939008381	0.39732475999	0.239490972042	0.348018396291953	-0.921508441558	0.57422623042308	0.0233123298969844
70.6993109815205	245.746995265872	0.446099477276604	0.0259165707886801	0.33857316103209	0.794438675981008	0.780717721138968	0.0526070757585898	13124989758.5	2316755976.06	0.040495032415817	0.1553152056984	0.0486394294539283	0.40768187654	0.246768330459	0.307516162509581	-0.865246991584	0.544142214190583	0.022369368025757
72.5987450307992	225.928875262447	0.422154039989849	0.024843406325599	0.323824560717322	0.765863281744641	0.749211203637282	0.0504430034111363	12789418547.6	2265980547.08	0.0348681214791864	0.135529808518473	0.0423763833035954	0.40717275819	0.25074221654	0.288453589025289	-0.781911709379	0.51649222839474	0.0213677404364154
74.4981790800778	207.64824617793	0.394719863237237	0.0239776628533181	0.308994852880387	0.737763284145547	0.713646165069249	0.0474734421807092	12417095395.4	2227110184.96	0.029925369225834	0.117565014094245	0.0372719760130802	0.42056444549	0.253658211415	0.270477764258584	-0.740786399085	0.487462645653626	0.0205274747276658
76.466133535419	185.990496158977	0.382085361323853	0.0226286110109908	0.295641025972447	0.70220377277002	0.680512174073018	0.0451690347858054	12885611955	2326796175.37	0.0236443755949635	0.0925536541803448	0.0301808135321448	0.423768162759	0.260734380876	0.233619591118187	-0.672122877353	0.463476624002022	0.0194813116878996
78.3661175076998	169.416153487956	0.352487828805465	0.0218443585148181	0.281731429040174	0.676650043008274	0.647020516566839	0.0422706599569194	12916318819	2391271216.97	0.0193756525401864	0.0776055009720396	0.0253777428478014	0.436435105343	0.26261823005	0.210109202684383	-0.649084566027	0.434785171899186	0.0187190587659595
80.2655515569784	150.419669361263	0.333683447763259	0.0209637790045464	0.26949449913154	0.6454281662178	0.612266112250428	0.040543141240243	13473573357.2	2559974154.93	0.0149994868444325	0.0601635999235626	0.0203935370950867	0.46452147621	0.262585252542	0.177874302740465	-0.599383541231	0.407164137277122	0.018081997744909
82.1128529056573	131.76792205192	0.299030468470445	0.0202914232984185	0.255697621221427	0.630089426460961	0.577335754515269	0.0381137687546927	13284823299.6	2543945030.6	0.0119737260769098	0.0507401754015941	0.0166736455499969	0.466104126012	0.276047707996	0.156655854042454	-0.574198575884	0.372032374508745	0.017448614506721
84.0127268933377	115.134182504434	0.274271083213741	0.0197168459684559	0.241952269925275	0.603604454373026	0.54879989683696	0.0355235942743975	12487448821.7	2467207149.22	0.00983599026211516	0.0420732923051187	0.0141762515477345	0.493139737187	0.287036160954	0.142120855728312	-0.538526167015	0.346048651895279	0.0169016054500353
85.9649535508186	99.6040477692675	0.237795082968409	0.0194243042107954	0.22713776130131	0.584206815783534	0.50777955133163	0.0336791587738847	13123092203.6	2727628362.23	0.00703166492317484	0.0330106648685402	0.0108630374120587	0.537033675495	0.286158425316	0.11518440655606	-0.572176245735	0.297814630257268	0.0169722101332362
87.8649375230994	82.5972113251652	0.207512776072832	0.018731128703018	0.210613597199074	0.559159487438903	0.473119480624425	0.0312619376046484	12113549113.6	2621171517.59	0.0053484068663757	0.026230654389168	0.00867359862010236	0.565679155957	0.288245299954	0.100508762710616	-0.547492141274	0.267326067794224	0.0163427637788623
89.7218075320149	65.8930742709923	0.157628275487803	0.0182307204552242	0.190387778543251	0.532041241117748	0.430873149222954	0.0279844536683361	11655512835	2675354307.67	0.00355789454763254	0.0194593511028763	0.00623100551264304	0.617426875329	0.277415248167	0.0808591678850744	-0.593437890932	0.221597446670231	0.0158395014477353
91.6644655292592	49.1729993377037	0.111482384894716	0.0169404178098729	0.16236824265105	0.490199792934142	0.375519447508833	0.0244841283922256	11039319669.3	2770216716.15	0.00191952410375836	0.0133042728041964	0.00381046011118069	0.675957717363	0.270386211691	0.060691296297047	-0.68774796218	0.151335468102076	0.0152314920323518
93.5652193937429	30.4882868211584	0.0521813543397522	0.0145531708225385	0.121618290141636	0.412691603697454	0.297980482775	0.0190231739896422	8702061887.65	2554153414.3	0.000756176852613213	0.00701473025973422	0.00168188104549287	0.716611283839	0.255077904403	0.0427316841485635	-0.793263669538	0.0757661338273273	0.0134134809963973
94.9893	18.6582827868523	0.0164728745520522	0.0106434383468753	0.079723310161915	0.296724630186668	0.199242034246719	0.0131194012973428	6849638727.81	2240548650.93	0.000219497134301457	0.00271618225333081	0.000518099330525603	0.685612744758	0.217492418259	0.0304113735729486	-0.954905749311	0.0230008097788237	0.0100537447701656
