 -180.000   0.000   0.000   0.000   0.000 -29.274   0.000
 -175.000   0.174   0.010   0.022   0.000 -28.447   0.174
 -170.000   0.342   0.039   0.043   0.000 -27.619   0.342
 -165.000   0.500   0.087   0.065   0.000 -26.792   0.500
 -160.000   0.643   0.152   0.086   0.000 -25.965   0.643
 -155.000   0.766   0.232   0.106   0.000 -25.138   0.766
 -150.000   0.866   0.325   0.125   0.000 -24.311   0.866
 -145.000   0.940   0.428   0.143   0.000 -23.483   0.940
 -140.000   0.985   0.537   0.161   0.000 -22.656   0.985
 -135.000   1.000   0.650   0.177   0.000 -21.829   1.000
 -130.000   0.985   0.763   0.192   0.000 -21.002   0.985
 -125.000   0.940   0.872   0.205   0.000 -20.175   0.940
 -120.000   0.866   0.975   0.216   0.000 -19.347   0.866
 -115.000   0.766   1.068   0.227   0.000 -18.520   0.766
 -110.000   0.643   1.148   0.235   0.000 -17.693   0.643
 -105.000   0.500   1.213   0.241   0.000 -16.866   0.500
 -100.000   0.342   1.261   0.246   0.000 -16.039   0.342
  -95.000   0.174   1.290   0.249   0.000 -15.211   0.174
  -90.000   0.000   1.300   0.250   0.000 -14.384   0.000
  -85.000  -0.174   1.290   0.249   0.000 -13.557  -0.174
  -80.000  -0.342   1.261   0.246   0.000 -12.730  -0.342
  -75.000  -0.500   1.213   0.241   0.000 -11.903  -0.500
  -70.000  -0.643   1.148   0.235   0.000 -11.075  -0.643
  -65.000  -0.766   1.068   0.227   0.000 -10.248  -0.766
  -60.000  -0.866   0.975   0.216   0.000  -9.421  -0.866
  -55.000  -0.940   0.872   0.205   0.000  -8.594  -0.940
  -50.000  -0.985   0.763   0.192   0.000  -7.767  -0.985
  -45.000  -1.000   0.650   0.177   0.000  -6.939  -1.000
  -40.000  -0.972   0.542   0.142   0.000  -6.112  -0.972
  -39.000  -0.964   0.521   0.135   0.000  -5.947  -0.964
  -38.000  -0.936   0.499   0.128   0.000  -5.781  -0.936
  -37.000  -0.928   0.477   0.120   0.000  -5.616  -0.928
  -36.000  -0.901   0.456   0.114   0.000  -5.451  -0.901
  -35.000  -0.893   0.434   0.106   0.000  -5.285  -0.893
  -34.000  -0.875   0.413   0.099   0.000  -5.120  -0.875
  -33.000  -0.848   0.391   0.092   0.000  -4.954  -0.848
  -32.000  -0.826   0.302   0.045   0.000  -4.789  -0.826
  -30.000  -0.818   0.268   0.033   0.000  -4.458  -0.818
  -28.000  -0.809   0.234   0.021   0.000  -4.127  -0.809
  -26.000  -0.792   0.204   0.010   0.000  -3.796  -0.792
  -24.000  -0.776   0.175  -0.000   0.000  -3.465  -0.776
  -22.000  -0.744   0.151  -0.009   0.000  -3.134  -0.744
  -20.000  -0.713   0.127  -0.017   0.000  -2.803  -0.712
  -18.000  -0.668   0.108  -0.023   0.002  -2.473  -0.665
  -16.000  -0.623   0.090  -0.028   0.006  -2.142  -0.614
  -14.000  -0.574   0.075  -0.030   0.016  -1.811  -0.554
  -12.000  -0.525   0.060  -0.031   0.037  -1.480  -0.489
  -10.000  -0.483   0.049  -0.028   0.088  -1.149  -0.419
   -8.000  -0.440   0.037  -0.024   0.218  -0.818  -0.335
   -6.000  -0.298   0.029  -0.036   0.319  -0.487  -0.210
   -4.000  -0.156   0.022  -0.047   1.000  -0.156  -0.078
   -2.000   0.174   0.020  -0.078   1.000   0.174   0.125
    0.000   0.505   0.019  -0.109   1.000   0.505   0.250
    2.000   0.824   0.019  -0.133   0.971   0.836   0.417
    4.000   1.121   0.020  -0.151   0.922   1.167   0.578
    6.000   1.390   0.021  -0.163   0.858   1.498   0.735
    8.000   1.625   0.024  -0.169   0.784   1.829   0.887
   10.000   1.806   0.029  -0.168   0.687   2.160   1.029
   12.000   1.816   0.044  -0.157   0.501   2.491   1.139
   14.000   1.509   0.094  -0.152   0.214   2.821   1.152
   16.000   1.325   0.142  -0.160   0.088   3.152   1.149
   18.000   1.236   0.186  -0.170   0.037   3.483   1.151
   20.000   1.173   0.229  -0.180   0.012   3.814   1.141
   22.000   1.163   0.268  -0.189   0.004   4.145   1.152
   24.000   1.152   0.306  -0.198   0.000   4.476   1.152
   26.000   1.155   0.343  -0.207   0.000   4.807   1.155
   28.000   1.157   0.381  -0.216   0.000   5.138   1.157
   30.000   1.156   0.421  -0.225   0.000   5.469   1.156
   32.000   1.155   0.460  -0.234   0.000   5.799   1.155
   33.000   1.161   0.429  -0.137   0.000   5.965   1.161
   34.000   1.173   0.450  -0.141   0.000   6.130   1.173
   35.000   1.175   0.471  -0.145   0.000   6.296   1.175
   36.000   1.167   0.492  -0.149   0.000   6.461   1.167
   37.000   1.168   0.513  -0.153   0.000   6.627   1.168
   38.000   1.150   0.534  -0.157   0.000   6.792   1.150
   39.000   1.131   0.555  -0.160   0.000   6.957   1.131
   40.000   1.113   0.575  -0.164   0.000   7.123   1.113
   45.000   1.030   0.677  -0.183   0.000   7.950   1.030
   50.000   0.976   0.776  -0.194   0.000   8.777   0.976
   55.000   0.921   0.876  -0.205   0.000   9.605   0.921
   60.000   0.866   0.975  -0.216   0.000  10.432   0.866
   65.000   0.766   1.068  -0.227   0.000  11.259   0.766
   70.000   0.643   1.148  -0.235   0.000  12.086   0.643
   75.000   0.500   1.213  -0.241   0.000  12.913   0.500
   80.000   0.342   1.261  -0.246   0.000  13.741   0.342
   85.000   0.174   1.290  -0.249   0.000  14.568   0.174
   90.000   0.000   1.300  -0.250   0.000  15.395   0.000
   95.000  -0.174   1.290  -0.249   0.000  16.222  -0.174
  100.000  -0.342   1.261  -0.246   0.000  17.049  -0.342
  105.000  -0.500   1.213  -0.241   0.000  17.877  -0.500
  110.000  -0.643   1.148  -0.235   0.000  18.704  -0.643
  115.000  -0.766   1.068  -0.227   0.000  19.531  -0.766
  120.000  -0.866   0.975  -0.216   0.000  20.358  -0.866
  125.000  -0.940   0.872  -0.205   0.000  21.185  -0.940
  130.000  -0.985   0.763  -0.192   0.000  22.013  -0.985
  135.000  -1.000   0.650  -0.177   0.000  22.840  -1.000
  140.000  -0.985   0.537  -0.161   0.000  23.667  -0.985
  145.000  -0.940   0.428  -0.143   0.000  24.494  -0.940
  150.000  -0.866   0.325  -0.125   0.000  25.321  -0.866
  155.000  -0.766   0.232  -0.106   0.000  26.149  -0.766
  160.000  -0.643   0.152  -0.086   0.000  26.976  -0.643
  165.000  -0.500   0.087  -0.065   0.000  27.803  -0.500
  170.000  -0.342   0.039  -0.043   0.000  28.630  -0.342
  175.000  -0.174   0.010  -0.022   0.000  29.457  -0.174
  180.000   0.000   0.000   0.000   0.000  30.285   0.000
