 -180.000   0.000   0.000   0.000   0.000 -24.551   0.000
 -175.000   0.174   0.010   0.022   0.000 -23.860   0.174
 -170.000   0.342   0.039   0.043   0.000 -23.170   0.342
 -165.000   0.500   0.087   0.065   0.000 -22.479   0.500
 -160.000   0.643   0.152   0.086   0.000 -21.789   0.643
 -155.000   0.766   0.232   0.106   0.000 -21.098   0.766
 -150.000   0.866   0.325   0.125   0.000 -20.408   0.866
 -145.000   0.940   0.428   0.143   0.000 -19.717   0.940
 -140.000   0.985   0.537   0.161   0.000 -19.027   0.985
 -135.000   1.000   0.650   0.177   0.000 -18.337   1.000
 -130.000   0.985   0.763   0.192   0.000 -17.646   0.985
 -125.000   0.940   0.872   0.205   0.000 -16.956   0.940
 -120.000   0.866   0.975   0.216   0.000 -16.265   0.866
 -115.000   0.766   1.068   0.227   0.000 -15.575   0.766
 -110.000   0.643   1.148   0.235   0.000 -14.884   0.643
 -105.000   0.500   1.213   0.241   0.000 -14.194   0.500
 -100.000   0.342   1.261   0.246   0.000 -13.503   0.342
  -95.000   0.174   1.290   0.249   0.000 -12.813   0.174
  -90.000   0.000   1.300   0.250   0.000 -12.122   0.000
  -85.000  -0.174   1.290   0.249   0.000 -11.432  -0.174
  -80.000  -0.342   1.261   0.246   0.000 -10.742  -0.342
  -75.000  -0.500   1.213   0.241   0.000 -10.051  -0.500
  -70.000  -0.643   1.148   0.235   0.000  -9.361  -0.643
  -65.000  -0.766   1.068   0.227   0.000  -8.670  -0.766
  -60.000  -0.866   0.975   0.216   0.000  -7.980  -0.866
  -55.000  -0.940   0.872   0.205   0.000  -7.289  -0.940
  -50.000  -0.985   0.763   0.192   0.000  -6.599  -0.985
  -45.000  -1.000   0.650   0.177   0.000  -5.908  -1.000
  -40.000  -1.022   0.542   0.142   0.000  -5.218  -1.022
  -39.000  -1.024   0.521   0.135   0.000  -5.080  -1.024
  -38.000  -1.016   0.499   0.128   0.000  -4.942  -1.016
  -37.000  -1.018   0.477   0.120   0.000  -4.804  -1.018
  -36.000  -1.011   0.456   0.114   0.000  -4.666  -1.011
  -35.000  -1.003   0.434   0.106   0.000  -4.528  -1.003
  -34.000  -0.995   0.413   0.099   0.000  -4.389  -0.995
  -33.000  -0.978   0.391   0.092   0.000  -4.251  -0.978
  -32.000  -0.964   0.290   0.052   0.000  -4.113  -0.964
  -30.000  -0.960   0.256   0.039   0.000  -3.837  -0.960
  -28.000  -0.957   0.223   0.026   0.001  -3.561  -0.954
  -26.000  -0.944   0.194   0.015   0.005  -3.285  -0.932
  -24.000  -0.931   0.165   0.005   0.013  -3.009  -0.904
  -22.000  -0.905   0.142  -0.004   0.023  -2.732  -0.862
  -20.000  -0.878   0.118  -0.012   0.038  -2.456  -0.815
  -18.000  -0.846   0.099  -0.017   0.060  -2.180  -0.760
  -16.000  -0.813   0.079  -0.023   0.094  -1.904  -0.700
  -14.000  -0.773   0.064  -0.024   0.143  -1.628  -0.630
  -12.000  -0.732   0.050  -0.024   0.223  -1.351  -0.555
  -10.000  -0.693   0.038  -0.023   0.367  -1.075  -0.472
   -8.000  -0.655   0.027  -0.021   0.657  -0.799  -0.379
   -6.000  -0.451   0.020  -0.039   0.734  -0.523  -0.251
   -4.000  -0.247   0.014  -0.057   1.000  -0.247  -0.123
   -2.000   0.029   0.013  -0.072   1.000   0.029   0.015
    0.000   0.306   0.012  -0.086   1.000   0.306   0.153
    2.000   0.567   0.012  -0.095   0.949   0.582   0.289
    4.000   0.820   0.012  -0.102   0.912   0.858   0.424
    6.000   1.061   0.014  -0.107   0.874   1.134   0.558
    8.000   1.287   0.015  -0.109   0.830   1.410   0.689
   10.000   1.484   0.018  -0.108   0.768   1.687   0.815
   12.000   1.639   0.022  -0.103   0.685   1.963   0.935
   14.000   1.712   0.032  -0.095   0.561   2.239   1.039
   16.000   1.604   0.058  -0.089   0.357   2.515   1.099
   18.000   1.418   0.099  -0.094   0.181   2.791   1.115
   20.000   1.306   0.139  -0.104   0.093   3.067   1.125
   22.000   1.251   0.178  -0.115   0.050   3.344   1.141
   24.000   1.196   0.217  -0.126   0.022   3.620   1.140
   26.000   1.177   0.255  -0.137   0.010   3.896   1.150
   28.000   1.159   0.293  -0.148   0.003   4.172   1.150
   30.000   1.148   0.333  -0.159   0.000   4.448   1.147
   32.000   1.136   0.372  -0.170   0.000   4.725   1.136
   33.000   1.151   0.429  -0.137   0.000   4.863   1.151
   34.000   1.163   0.450  -0.141   0.000   5.001   1.163
   35.000   1.165   0.471  -0.145   0.000   5.139   1.165
   36.000   1.157   0.492  -0.149   0.000   5.277   1.157
   37.000   1.148   0.513  -0.153   0.000   5.415   1.148
   38.000   1.150   0.534  -0.157   0.000   5.553   1.150
   39.000   1.141   0.555  -0.160   0.000   5.691   1.141
   40.000   1.123   0.575  -0.164   0.000   5.829   1.123
   45.000   1.030   0.677  -0.183   0.000   6.520   1.030
   50.000   0.976   0.776  -0.194   0.000   7.210   0.976
   55.000   0.921   0.876  -0.205   0.000   7.901   0.921
   60.000   0.866   0.975  -0.216   0.000   8.591   0.866
   65.000   0.766   1.068  -0.227   0.000   9.282   0.766
   70.000   0.643   1.148  -0.235   0.000   9.972   0.643
   75.000   0.500   1.213  -0.241   0.000  10.662   0.500
   80.000   0.342   1.261  -0.246   0.000  11.353   0.342
   85.000   0.174   1.290  -0.249   0.000  12.043   0.174
   90.000   0.000   1.300  -0.250   0.000  12.734   0.000
   95.000  -0.174   1.290  -0.249   0.000  13.424  -0.174
  100.000  -0.342   1.261  -0.246   0.000  14.115  -0.342
  105.000  -0.500   1.213  -0.241   0.000  14.805  -0.500
  110.000  -0.643   1.148  -0.235   0.000  15.496  -0.643
  115.000  -0.766   1.068  -0.227   0.000  16.186  -0.766
  120.000  -0.866   0.975  -0.216   0.000  16.877  -0.866
  125.000  -0.940   0.872  -0.205   0.000  17.567  -0.940
  130.000  -0.985   0.763  -0.192   0.000  18.257  -0.985
  135.000  -1.000   0.650  -0.177   0.000  18.948  -1.000
  140.000  -0.985   0.537  -0.161   0.000  19.638  -0.985
  145.000  -0.940   0.428  -0.143   0.000  20.329  -0.940
  150.000  -0.866   0.325  -0.125   0.000  21.019  -0.866
  155.000  -0.766   0.232  -0.106   0.000  21.710  -0.766
  160.000  -0.643   0.152  -0.086   0.000  22.400  -0.643
  165.000  -0.500   0.087  -0.065   0.000  23.091  -0.500
  170.000  -0.342   0.039  -0.043   0.000  23.781  -0.342
  175.000  -0.174   0.010  -0.022   0.000  24.472  -0.174
  180.000   0.000   0.000   0.000   0.000  25.162   0.000
