  # Wind [m/s]             1             2             3             4             5             6             7             8             9            10            11            12            13             1             2             3             4             5             6             7             8             9            10            11            12            13             1             2             3             4             5             6             7             8             9            10            11            12            13
  0.400000E+01  0.000000E+00  0.259590E+00  0.256469E+00  0.544164E+00  0.700128E+00  0.743185E+00  0.828667E+00  0.103553E+01  0.137932E+01  0.162360E+01  0.180984E+01  0.181867E+01  0.224560E+01 -0.100000E+03  0.650535E+01  0.432769E+00  0.510328E+02  0.457280E+02  0.409435E+02  0.113138E+01  0.172938E+01  0.164347E+02  0.136605E+02  0.121528E+01  0.150142E+02  0.521978E+01  0.711991E-07 -0.106331E+00 -0.697387E-02 -0.202894E+01 -0.226194E+01 -0.209558E+01 -0.589110E-01 -0.112537E+00 -0.144395E+01 -0.140675E+01 -0.138206E+00 -0.173535E+01 -0.737489E+00
  0.500000E+01  0.000000E+00  0.259582E+00  0.256457E+00  0.534647E+00  0.691080E+00  0.731789E+00  0.830787E+00  0.104038E+01  0.137397E+01  0.161710E+01  0.181493E+01  0.181172E+01  0.224354E+01 -0.100000E+03  0.654997E+01  0.426615E+00  0.512220E+02  0.456390E+02  0.407795E+02  0.105896E+01  0.188496E+01  0.163381E+02  0.135889E+02  0.128696E+01  0.148751E+02  0.521257E+01  0.273846E-06 -0.107060E+00 -0.687439E-02 -0.200348E+01 -0.222721E+01 -0.205354E+01 -0.552805E-01 -0.123241E+00 -0.142966E+01 -0.139364E+01 -0.146771E+00 -0.171234E+01 -0.735795E+00
  0.600000E+01  0.000000E+00  0.259245E+00  0.256436E+00  0.519458E+00  0.678056E+00  0.713887E+00  0.834010E+00  0.104707E+01  0.137040E+01  0.161198E+01  0.182112E+01  0.180611E+01  0.224119E+01 -0.100000E+03  0.643008E+01  0.417815E+00  0.511197E+02  0.452628E+02  0.402875E+02  0.102539E+01  0.207280E+01  0.161224E+02  0.134320E+02  0.145705E+01  0.145429E+02  0.519287E+01  0.128751E-05 -0.104956E+00 -0.673203E-02 -0.194129E+01 -0.216256E+01 -0.197441E+01 -0.537360E-01 -0.136397E+00 -0.140662E+01 -0.137289E+01 -0.166739E+00 -0.166808E+01 -0.732237E+00
  0.700000E+01  0.000000E+00  0.258973E+00  0.256422E+00  0.506699E+00  0.667490E+00  0.698651E+00  0.836931E+00  0.105300E+01  0.136518E+01  0.160541E+01  0.182453E+01  0.179954E+01  0.223861E+01 -0.100000E+03  0.635113E+01  0.418681E+00  0.505255E+02  0.444619E+02  0.394269E+02  0.999619E+00  0.220196E+01  0.159004E+02  0.132815E+02  0.162980E+01  0.141836E+02  0.515167E+01  0.644532E-05 -0.103553E+00 -0.674564E-02 -0.186399E+01 -0.208180E+01 -0.188330E+01 -0.525685E-01 -0.145721E+00 -0.138146E+01 -0.135169E+01 -0.186863E+00 -0.162009E+01 -0.725578E+00
  0.800000E+01  0.000000E+00  0.259603E+00  0.256403E+00  0.506255E+00  0.674952E+00  0.710121E+00  0.831825E+00  0.106342E+01  0.136197E+01  0.161081E+01  0.182505E+01  0.180425E+01  0.223614E+01 -0.100000E+03  0.661244E+01  0.420847E+00  0.545728E+02  0.479822E+02  0.423741E+02  0.107992E+01  0.252900E+01  0.174490E+02  0.142780E+02  0.172705E+01  0.152755E+02  0.537006E+01  0.175708E-04 -0.108094E+00 -0.678003E-02 -0.207158E+01 -0.231928E+01 -0.208732E+01 -0.564455E-01 -0.169033E+00 -0.151646E+01 -0.146004E+01 -0.198073E+00 -0.175226E+01 -0.755588E+00
  0.900000E+01  0.000000E+00  0.260847E+00  0.256370E+00  0.499071E+00  0.676295E+00  0.726661E+00  0.819501E+00  0.107752E+01  0.134720E+01  0.161666E+01  0.182410E+01  0.180527E+01  0.223115E+01 -0.100000E+03  0.713864E+01  0.425228E+00  0.615890E+02  0.541534E+02  0.475244E+02  0.125751E+01  0.301131E+01  0.202553E+02  0.160141E+02  0.177897E+01  0.174966E+02  0.577269E+01  0.189309E-04 -0.117298E+00 -0.684973E-02 -0.245138E+01 -0.273723E+01 -0.246614E+01 -0.647553E-01 -0.203966E+00 -0.175085E+01 -0.164795E+01 -0.203924E+00 -0.201570E+01 -0.810608E+00
  0.100000E+02  0.000000E+00  0.262000E+00  0.256331E+00  0.493039E+00  0.675890E+00  0.743859E+00  0.806242E+00  0.108985E+01  0.132730E+01  0.162104E+01  0.182095E+01  0.180331E+01  0.222566E+01 -0.100000E+03  0.761334E+01  0.428509E+00  0.680212E+02  0.600430E+02  0.525418E+02  0.144095E+01  0.348206E+01  0.231320E+02  0.176712E+02  0.182088E+01  0.197637E+02  0.615050E+01  0.216372E-04 -0.125695E+00 -0.690153E-02 -0.287470E+01 -0.318863E+01 -0.288619E+01 -0.730025E-01 -0.238588E+00 -0.198292E+01 -0.182865E+01 -0.208368E+00 -0.228439E+01 -0.861733E+00
  0.110000E+02  0.000000E+00  0.263047E+00  0.256287E+00  0.487898E+00  0.673207E+00  0.761037E+00  0.791903E+00  0.110036E+01  0.130158E+01  0.162399E+01  0.181535E+01  0.179769E+01  0.222001E+01 -0.100000E+03  0.805219E+01  0.431091E+00  0.737553E+02  0.655551E+02  0.573846E+02  0.161436E+01  0.391312E+01  0.259732E+02  0.191908E+02  0.185470E+01  0.220396E+02  0.649669E+01  0.260477E-04 -0.133518E+00 -0.694192E-02 -0.334820E+01 -0.367198E+01 -0.335055E+01 -0.803359E-01 -0.270752E+00 -0.219960E+01 -0.199528E+01 -0.211587E+00 -0.255218E+01 -0.908123E+00
  0.120000E+02  0.000000E+00  0.264688E+00  0.256374E+00  0.506726E+00  0.682151E+00  0.805732E+00  0.774138E+00  0.110007E+01  0.126385E+01  0.162558E+01  0.181171E+01  0.178309E+01  0.221987E+01 -0.100000E+03  0.891096E+01  0.464052E+00  0.809462E+02  0.737336E+02  0.660301E+02  0.119267E+01  0.321879E+01  0.293869E+02  0.213258E+02  0.134854E+01  0.253627E+02  0.693222E+01  0.405347E-05 -0.148789E+00 -0.747524E-02 -0.438918E+01 -0.467825E+01 -0.445115E+01 -0.580164E-01 -0.222596E+00 -0.244142E+01 -0.222946E+01 -0.153522E+00 -0.293756E+01 -0.969226E+00
  0.130000E+02  0.000000E+00  0.265108E+00  0.256476E+00  0.650656E+00  0.809323E+00  0.950621E+00  0.770643E+00  0.109334E+01  0.125461E+01  0.162849E+01  0.180736E+01  0.179208E+01  0.222167E+01 -0.100000E+03  0.917240E+01  0.509825E+00  0.783125E+02  0.733471E+02  0.664032E+02  0.936498E+00  0.268839E+01  0.320401E+02  0.231495E+02  0.131946E+01  0.269036E+02  0.702149E+01  0.208339E-05 -0.153434E+00 -0.821586E-02 -0.514834E+01 -0.548725E+01 -0.530453E+01 -0.453481E-01 -0.184749E+00 -0.266627E+01 -0.243482E+01 -0.149851E+00 -0.314531E+01 -0.982567E+00
  0.140000E+02  0.000000E+00  0.264883E+00  0.256545E+00  0.650587E+00  0.810922E+00  0.953575E+00  0.767831E+00  0.108934E+01  0.126041E+01  0.163273E+01  0.180157E+01  0.179710E+01  0.222140E+01 -0.100000E+03  0.938293E+01  0.552652E+00  0.786078E+02  0.735678E+02  0.667453E+02  0.836532E+00  0.238619E+01  0.319602E+02  0.232824E+02  0.151418E+01  0.266504E+02  0.692963E+01  0.157788E-05 -0.156853E+00 -0.890843E-02 -0.519844E+01 -0.553408E+01 -0.537034E+01 -0.403593E-01 -0.163370E+00 -0.267115E+01 -0.245597E+01 -0.171418E+00 -0.312215E+01 -0.969531E+00
  0.150000E+02  0.000000E+00  0.264578E+00  0.256603E+00  0.651036E+00  0.812695E+00  0.955864E+00  0.765119E+00  0.108569E+01  0.126508E+01  0.163621E+01  0.179492E+01  0.180196E+01  0.222024E+01 -0.100000E+03  0.955457E+01  0.596147E+00  0.788683E+02  0.737959E+02  0.670794E+02  0.784119E+00  0.217594E+01  0.320422E+02  0.234952E+02  0.179559E+01  0.264230E+02  0.684132E+01  0.133363E-05 -0.159565E+00 -0.961176E-02 -0.524752E+01 -0.558387E+01 -0.543213E+01 -0.376968E-01 -0.148468E+00 -0.268870E+01 -0.248502E+01 -0.202536E+00 -0.310186E+01 -0.956617E+00
  0.160000E+02  0.000000E+00  0.264130E+00  0.256647E+00  0.650943E+00  0.813972E+00  0.957092E+00  0.762450E+00  0.108224E+01  0.126998E+01  0.163982E+01  0.178762E+01  0.180764E+01  0.221869E+01 -0.100000E+03  0.970450E+01  0.639549E+00  0.791294E+02  0.740146E+02  0.674049E+02  0.759799E+00  0.201747E+01  0.320645E+02  0.236431E+02  0.214307E+01  0.260850E+02  0.674429E+01  0.119461E-05 -0.161817E+00 -0.103133E-01 -0.529309E+01 -0.562923E+01 -0.548737E+01 -0.364001E-01 -0.137214E+00 -0.270123E+01 -0.250709E+01 -0.240763E+00 -0.306891E+01 -0.942331E+00
  0.170000E+02  0.000000E+00  0.263672E+00  0.256693E+00  0.643754E+00  0.809940E+00  0.951713E+00  0.759831E+00  0.107906E+01  0.127799E+01  0.164550E+01  0.177966E+01  0.181582E+01  0.221699E+01 -0.100000E+03  0.985121E+01  0.685695E+00  0.793519E+02  0.740696E+02  0.675211E+02  0.758635E+00  0.190234E+01  0.319725E+02  0.237002E+02  0.254504E+01  0.256148E+02  0.664695E+01  0.110007E-05 -0.164003E+00 -0.110595E-01 -0.527430E+01 -0.561056E+01 -0.547382E+01 -0.362195E-01 -0.129001E+00 -0.270958E+01 -0.252222E+01 -0.284677E+00 -0.302329E+01 -0.927956E+00
  0.180000E+02  0.000000E+00  0.263175E+00  0.256733E+00  0.641938E+00  0.809955E+00  0.950941E+00  0.757211E+00  0.107589E+01  0.128367E+01  0.164976E+01  0.177092E+01  0.182326E+01  0.221480E+01 -0.100000E+03  0.997874E+01  0.730217E+00  0.795078E+02  0.741549E+02  0.676797E+02  0.767234E+00  0.180816E+01  0.320573E+02  0.238758E+02  0.297790E+01  0.252462E+02  0.655681E+01  0.103945E-05 -0.165834E+00 -0.117795E-01 -0.528746E+01 -0.562502E+01 -0.549305E+01 -0.365038E-01 -0.122252E+00 -0.272966E+01 -0.254861E+01 -0.331498E+00 -0.298900E+01 -0.914412E+00
  0.190000E+02  0.000000E+00  0.262637E+00  0.256771E+00  0.641443E+00  0.810909E+00  0.951143E+00  0.754576E+00  0.107274E+01  0.128866E+01  0.165355E+01  0.176137E+01  0.183105E+01  0.221232E+01 -0.100000E+03  0.101086E+02  0.778733E+00  0.796604E+02  0.742634E+02  0.678671E+02  0.784275E+00  0.172876E+01  0.321793E+02  0.240718E+02  0.344478E+01  0.248678E+02  0.646514E+01  0.996528E-06 -0.167670E+00 -0.125640E-01 -0.531109E+01 -0.565000E+01 -0.552239E+01 -0.371847E-01 -0.116540E+00 -0.275190E+01 -0.257672E+01 -0.381460E+00 -0.295378E+01 -0.900564E+00
  0.200000E+02  0.000000E+00  0.262078E+00  0.256805E+00  0.640909E+00  0.811787E+00  0.951142E+00  0.751967E+00  0.106969E+01  0.129366E+01  0.165737E+01  0.175107E+01  0.183966E+01  0.220967E+01 -0.100000E+03  0.102305E+02  0.826273E+00  0.798188E+02  0.743753E+02  0.680611E+02  0.807557E+00  0.166463E+01  0.322825E+02  0.242476E+02  0.393040E+01  0.244597E+02  0.637284E+01  0.970780E-06 -0.169353E+00 -0.133328E-01 -0.533569E+01 -0.567517E+01 -0.555176E+01 -0.381563E-01 -0.111896E+00 -0.277246E+01 -0.260271E+01 -0.432769E+00 -0.291584E+01 -0.886591E+00
  0.210000E+02  0.000000E+00  0.261521E+00  0.256837E+00  0.640554E+00  0.812686E+00  0.951159E+00  0.749467E+00  0.106681E+01  0.129836E+01  0.166099E+01  0.174043E+01  0.184865E+01  0.220694E+01 -0.100000E+03  0.103461E+02  0.873100E+00  0.799812E+02  0.744951E+02  0.682623E+02  0.832045E+00  0.161722E+01  0.323808E+02  0.244107E+02  0.440901E+01  0.240595E+02  0.628496E+01  0.968782E-06 -0.170924E+00 -0.140903E-01 -0.536280E+01 -0.570199E+01 -0.558254E+01 -0.391827E-01 -0.108416E+00 -0.279201E+01 -0.262706E+01 -0.482613E+00 -0.287919E+01 -0.873237E+00
  0.220000E+02  0.000000E+00  0.260881E+00  0.256873E+00  0.640034E+00  0.813666E+00  0.950998E+00  0.746739E+00  0.106370E+01  0.130368E+01  0.166513E+01  0.172762E+01  0.185977E+01  0.220379E+01 -0.100000E+03  0.104563E+02  0.927949E+00  0.801149E+02  0.745795E+02  0.684295E+02  0.870436E+00  0.156631E+01  0.325044E+02  0.246012E+02  0.493514E+01  0.236260E+02  0.618837E+01  0.943343E-06 -0.172340E+00 -0.149776E-01 -0.538341E+01 -0.572343E+01 -0.560729E+01 -0.408415E-01 -0.104696E+00 -0.281540E+01 -0.265547E+01 -0.536361E+00 -0.284119E+01 -0.858539E+00
  0.230000E+02  0.000000E+00  0.260245E+00  0.256905E+00  0.644190E+00  0.818116E+00  0.954955E+00  0.744132E+00  0.106074E+01  0.130685E+01  0.166781E+01  0.171461E+01  0.187008E+01  0.220049E+01 -0.100000E+03  0.105582E+02  0.983101E+00  0.802031E+02  0.747094E+02  0.686414E+02  0.908710E+00  0.153001E+01  0.327710E+02  0.248855E+02  0.542170E+01  0.233346E+02  0.610098E+01  0.940212E-06 -0.173615E+00 -0.158698E-01 -0.543506E+01 -0.577740E+01 -0.566355E+01 -0.424886E-01 -0.101984E+00 -0.284817E+01 -0.269249E+01 -0.584950E+00 -0.281967E+01 -0.845101E+00
  0.240000E+02  0.000000E+00  0.259510E+00  0.256934E+00  0.639532E+00  0.815638E+00  0.950774E+00  0.741539E+00  0.105790E+01  0.131323E+01  0.167257E+01  0.170075E+01  0.188310E+01  0.219723E+01 -0.100000E+03  0.106506E+02  0.103994E+01  0.804292E+02  0.748134E+02  0.688334E+02  0.947868E+00  0.149852E+01  0.327428E+02  0.249551E+02  0.590747E+01  0.228315E+02  0.600595E+01  0.943290E-06 -0.174657E+00 -0.167893E-01 -0.543875E+01 -0.577809E+01 -0.566869E+01 -0.441653E-01 -0.996180E-01 -0.285931E+01 -0.270823E+01 -0.632385E+00 -0.277468E+01 -0.830658E+00
  0.250000E+02  0.000000E+00  0.258565E+00  0.256930E+00  0.625239E+00  0.805853E+00  0.937865E+00  0.738958E+00  0.105518E+01  0.132364E+01  0.168020E+01  0.168591E+01  0.189943E+01  0.219411E+01 -0.100000E+03  0.106737E+02  0.108894E+01  0.807174E+02  0.747740E+02  0.688866E+02  0.986771E+00  0.147110E+01  0.324223E+02  0.248142E+02  0.636599E+01  0.221702E+02  0.591013E+01  0.960372E-06 -0.174402E+00 -0.175802E-01 -0.537167E+01 -0.570196E+01 -0.559994E+01 -0.458181E-01 -0.975432E-01 -0.285043E+01 -0.270420E+01 -0.675715E+00 -0.271341E+01 -0.816195E+00
