  # Wind [m/s]             1             2             3             4             5             6             7             8             9            10            11            12            13             1             2             3             4             5             6             7             8             9            10            11            12            13             1             2             3             4             5             6             7             8             9            10            11            12            13
  0.400000E+01  0.000000E+00  0.244703E+00  0.249309E+00  0.468696E+00  0.566045E+00  0.593724E+00  0.800120E+00  0.904261E+00  0.121896E+01  0.140695E+01  0.160739E+01  0.169187E+01  0.217398E+01  0.100000E+03  0.402909E+01  0.389142E+00  0.197319E+02  0.174611E+02  0.172327E+02  0.355211E+00  0.634193E+00  0.604863E+01  0.574613E+01  0.525370E+01  0.132714E+01  0.322132E+01 -0.421490E-06 -0.619981E-01 -0.609579E-02 -0.592738E+00 -0.630704E+00 -0.652627E+00 -0.178576E-01 -0.360333E-01 -0.464112E+00 -0.508805E+00 -0.531333E+00 -0.141092E+00 -0.440246E+00
  0.500000E+01  0.000000E+00  0.245573E+00  0.249322E+00  0.459189E+00  0.574774E+00  0.594946E+00  0.790798E+00  0.920490E+00  0.121651E+01  0.141295E+01  0.161218E+01  0.169537E+01  0.216981E+01  0.100000E+03  0.492452E+01  0.407135E+00  0.255064E+02  0.218676E+02  0.218728E+02  0.362970E+00  0.812094E+00  0.770463E+01  0.705026E+01  0.641769E+01  0.150819E+01  0.349622E+01 -0.784281E-06 -0.760766E-01 -0.637797E-02 -0.761075E+00 -0.809315E+00 -0.837928E+00 -0.180351E-01 -0.469699E-01 -0.590666E+00 -0.627469E+00 -0.651431E+00 -0.160676E+00 -0.476942E+00
  0.600000E+01  0.000000E+00  0.246565E+00  0.249321E+00  0.448580E+00  0.584744E+00  0.593906E+00  0.781782E+00  0.936854E+00  0.121235E+01  0.141886E+01  0.161715E+01  0.169822E+01  0.216514E+01  0.100000E+03  0.575031E+01  0.421726E+00  0.313174E+02  0.260830E+02  0.263960E+02  0.404470E+00  0.105507E+01  0.943168E+01  0.835630E+01  0.764265E+01  0.167418E+01  0.378570E+01 -0.130004E-05 -0.892323E-01 -0.660653E-02 -0.929439E+00 -0.992666E+00 -0.102122E+01 -0.198681E-01 -0.621091E-01 -0.721670E+00 -0.747574E+00 -0.778834E+00 -0.178664E+00 -0.515374E+00
  0.700000E+01  0.000000E+00  0.247646E+00  0.249307E+00  0.437424E+00  0.591033E+00  0.596006E+00  0.772848E+00  0.953009E+00  0.120656E+01  0.142467E+01  0.162208E+01  0.170016E+01  0.216012E+01  0.100000E+03  0.649101E+01  0.432929E+00  0.370710E+02  0.316076E+02  0.292194E+02  0.483296E+00  0.135665E+01  0.112080E+02  0.963540E+01  0.891409E+01  0.181699E+01  0.408010E+01 -0.200078E-05 -0.101214E+00 -0.678163E-02 -0.109703E+01 -0.123720E+01 -0.114414E+01 -0.234689E-01 -0.812428E-01 -0.855068E+00 -0.866542E+00 -0.912141E+00 -0.194131E+00 -0.554231E+00
  0.800000E+01  0.000000E+00  0.248781E+00  0.249280E+00  0.426246E+00  0.591724E+00  0.603778E+00  0.763756E+00  0.968659E+00  0.119925E+01  0.143049E+01  0.162694E+01  0.170088E+01  0.215487E+01  0.100000E+03  0.714122E+01  0.441237E+00  0.427034E+02  0.362472E+02  0.325223E+02  0.599875E+00  0.170917E+01  0.130235E+02  0.108713E+02  0.102226E+02  0.193612E+01  0.437187E+01 -0.295919E-05 -0.111913E+00 -0.691103E-02 -0.126480E+01 -0.144597E+01 -0.130471E+01 -0.287874E-01 -0.104040E+00 -0.989771E+00 -0.982946E+00 -0.105049E+01 -0.206951E+00 -0.592495E+00
  0.900000E+01  0.000000E+00  0.249920E+00  0.249241E+00  0.415331E+00  0.592096E+00  0.612138E+00  0.754280E+00  0.983533E+00  0.119050E+01  0.143641E+01  0.163163E+01  0.170006E+01  0.214950E+01  0.100000E+03  0.770297E+01  0.447141E+00  0.481360E+02  0.405287E+02  0.357425E+02  0.752433E+00  0.210322E+01  0.148685E+02  0.120523E+02  0.115635E+02  0.203149E+01  0.465466E+01 -0.430867E-05 -0.121320E+00 -0.700244E-02 -0.143311E+01 -0.164930E+01 -0.147196E+01 -0.356609E-01 -0.130002E+00 -0.112469E+01 -0.109573E+01 -0.119348E+01 -0.217044E+00 -0.629328E+00
  0.100000E+02  0.000000E+00  0.251042E+00  0.249194E+00  0.405335E+00  0.592579E+00  0.621766E+00  0.744215E+00  0.997392E+00  0.118062E+01  0.144277E+01  0.163640E+01  0.169741E+01  0.214416E+01  0.100000E+03  0.818642E+01  0.451168E+00  0.533616E+02  0.446074E+02  0.388362E+02  0.938833E+00  0.253312E+01  0.167539E+02  0.131822E+02  0.129406E+02  0.210509E+01  0.492237E+01 -0.630665E-05 -0.129563E+00 -0.706415E-02 -0.160692E+01 -0.185571E+01 -0.164644E+01 -0.439022E-01 -0.158796E+00 -0.126064E+01 -0.120552E+01 -0.134182E+01 -0.224561E+00 -0.663954E+00
  0.110000E+02  0.000000E+00  0.252457E+00  0.249188E+00  0.403809E+00  0.596668E+00  0.635776E+00  0.734596E+00  0.100315E+01  0.117712E+01  0.145290E+01  0.164899E+01  0.169040E+01  0.214498E+01  0.100000E+03  0.863850E+01  0.459713E+00  0.589265E+02  0.495830E+02  0.429381E+02  0.102027E+01  0.282429E+01  0.189211E+02  0.144819E+02  0.147419E+02  0.181707E+01  0.516273E+01 -0.173406E-04 -0.137541E+00 -0.719779E-02 -0.185050E+01 -0.214050E+01 -0.189924E+01 -0.470942E-01 -0.178086E+00 -0.142516E+01 -0.133611E+01 -0.154427E+01 -0.193024E+00 -0.696725E+00
  0.120000E+02  0.000000E+00  0.253883E+00  0.249330E+00  0.426331E+00  0.613523E+00  0.665226E+00  0.725399E+00  0.986160E+00  0.118380E+01  0.146326E+01  0.166253E+01  0.167889E+01  0.215566E+01 -0.100000E+03  0.934765E+01  0.506909E+00  0.635192E+02  0.542427E+02  0.480760E+02  0.748830E+00  0.241368E+01  0.201785E+02  0.154472E+02  0.161447E+02  0.125931E+01  0.524911E+01  0.425485E-05 -0.149769E+00 -0.794129E-02 -0.220300E+01 -0.248897E+01 -0.229167E+01 -0.341312E-01 -0.149601E+00 -0.153241E+01 -0.143746E+01 -0.170889E+01 -0.132852E+00 -0.711942E+00
  0.130000E+02  0.000000E+00  0.254138E+00  0.249417E+00  0.433608E+00  0.619847E+00  0.675070E+00  0.719768E+00  0.977221E+00  0.118979E+01  0.146952E+01  0.166903E+01  0.167071E+01  0.215555E+01 -0.100000E+03  0.960741E+01  0.555909E+00  0.649646E+02  0.556684E+02  0.498219E+02  0.673164E+00  0.217915E+01  0.205603E+02  0.158238E+02  0.161574E+02  0.156787E+01  0.521046E+01  0.234514E-05 -0.154124E+00 -0.871198E-02 -0.232812E+01 -0.260985E+01 -0.243727E+01 -0.304441E-01 -0.133833E+00 -0.157057E+01 -0.147969E+01 -0.171696E+01 -0.164605E+00 -0.706650E+00
  0.140000E+02  0.000000E+00  0.254150E+00  0.249479E+00  0.444956E+00  0.631368E+00  0.688371E+00  0.714994E+00  0.970265E+00  0.119844E+01  0.147797E+01  0.167954E+01  0.166220E+01  0.215383E+01 -0.100000E+03  0.977398E+01  0.603794E+00  0.661449E+02  0.570290E+02  0.514216E+02  0.652889E+00  0.203160E+01  0.211736E+02  0.163297E+02  0.160699E+02  0.208170E+01  0.517120E+01  0.174342E-05 -0.156829E+00 -0.946479E-02 -0.246568E+01 -0.275411E+01 -0.259318E+01 -0.293313E-01 -0.123879E+00 -0.163136E+01 -0.153707E+01 -0.171816E+01 -0.217458E+00 -0.700754E+00
  0.150000E+02  0.000000E+00  0.253905E+00  0.249529E+00  0.449026E+00  0.636204E+00  0.693730E+00  0.710598E+00  0.964257E+00  0.120430E+01  0.148307E+01  0.168693E+01  0.165251E+01  0.214982E+01 -0.100000E+03  0.992078E+01  0.652954E+00  0.666172E+02  0.573649E+02  0.520717E+02  0.657297E+00  0.190121E+01  0.212186E+02  0.164589E+02  0.154850E+02  0.276602E+01  0.508709E+01  0.144302E-05 -0.159054E+00 -0.102375E-01 -0.252009E+01 -0.279953E+01 -0.265859E+01 -0.293477E-01 -0.115208E+00 -0.164300E+01 -0.155492E+01 -0.166134E+01 -0.287307E+00 -0.688041E+00
  0.160000E+02  0.000000E+00  0.253351E+00  0.249553E+00  0.449142E+00  0.637752E+00  0.694707E+00  0.706439E+00  0.958957E+00  0.121054E+01  0.148821E+01  0.169659E+01  0.164075E+01  0.214496E+01 -0.100000E+03  0.100227E+02  0.699757E+00  0.667768E+02  0.572429E+02  0.522813E+02  0.682666E+00  0.179604E+01  0.210829E+02  0.164660E+02  0.146620E+02  0.359210E+01  0.499500E+01  0.128292E-05 -0.160353E+00 -0.109724E-01 -0.253163E+01 -0.279746E+01 -0.267708E+01 -0.303021E-01 -0.108234E+00 -0.164045E+01 -0.156099E+01 -0.158005E+01 -0.370555E+00 -0.674026E+00
  0.170000E+02  0.000000E+00  0.252868E+00  0.249581E+00  0.449409E+00  0.639258E+00  0.695562E+00  0.702457E+00  0.954010E+00  0.121636E+01  0.149309E+01  0.170945E+01  0.162570E+01  0.213966E+01 -0.100000E+03  0.101089E+02  0.748767E+00  0.670197E+02  0.572518E+02  0.525842E+02  0.714155E+00  0.170997E+01  0.210607E+02  0.165431E+02  0.138739E+02  0.445685E+01  0.491426E+01  0.117319E-05 -0.161439E+00 -0.117422E-01 -0.254984E+01 -0.280472E+01 -0.270181E+01 -0.315212E-01 -0.102514E+00 -0.164653E+01 -0.157365E+01 -0.150471E+01 -0.455701E+00 -0.661468E+00
  0.180000E+02  0.000000E+00  0.252384E+00  0.249608E+00  0.449428E+00  0.640587E+00  0.696012E+00  0.698572E+00  0.949345E+00  0.122218E+01  0.149796E+01  0.172600E+01  0.160700E+01  0.213393E+01 -0.100000E+03  0.101854E+02  0.801042E+00  0.672439E+02  0.572375E+02  0.528585E+02  0.752113E+00  0.163666E+01  0.210500E+02  0.166223E+02  0.131608E+02  0.525122E+01  0.483793E+01  0.109192E-05 -0.162362E+00 -0.125634E-01 -0.256550E+01 -0.280950E+01 -0.272311E+01 -0.330131E-01 -0.976386E-01 -0.165351E+01 -0.158655E+01 -0.143979E+01 -0.530953E+00 -0.649423E+00
  0.190000E+02  0.000000E+00  0.251926E+00  0.249636E+00  0.449992E+00  0.642411E+00  0.696956E+00  0.694776E+00  0.944909E+00  0.122783E+01  0.150272E+01  0.174446E+01  0.158644E+01  0.212789E+01 -0.100000E+03  0.102619E+02  0.857212E+00  0.674875E+02  0.572514E+02  0.531606E+02  0.793609E+00  0.157333E+01  0.210513E+02  0.167016E+02  0.126395E+02  0.585217E+01  0.476390E+01  0.102901E-05 -0.163298E+00 -0.134459E-01 -0.258578E+01 -0.281852E+01 -0.274850E+01 -0.346453E-01 -0.934211E-01 -0.166128E+01 -0.159941E+01 -0.139659E+01 -0.584339E+00 -0.637653E+00
  0.200000E+02  0.000000E+00  0.251414E+00  0.249663E+00  0.449726E+00  0.643654E+00  0.696884E+00  0.691058E+00  0.940677E+00  0.123342E+01  0.150741E+01  0.176241E+01  0.156632E+01  0.212161E+01 -0.100000E+03  0.103171E+02  0.916964E+00  0.677523E+02  0.572720E+02  0.534709E+02  0.838066E+00  0.151859E+01  0.210829E+02  0.168000E+02  0.123280E+02  0.626443E+01  0.469529E+01  0.983829E-06 -0.163851E+00 -0.143848E-01 -0.260297E+01 -0.282548E+01 -0.277066E+01 -0.363905E-01 -0.897661E-01 -0.167145E+01 -0.161412E+01 -0.137564E+01 -0.617727E+00 -0.626595E+00
  0.210000E+02  0.000000E+00  0.250888E+00  0.249689E+00  0.449777E+00  0.645218E+00  0.697124E+00  0.687409E+00  0.936650E+00  0.123902E+01  0.151209E+01  0.177916E+01  0.154752E+01  0.211512E+01 -0.100000E+03  0.103685E+02  0.979219E+00  0.679839E+02  0.572488E+02  0.537448E+02  0.884781E+00  0.147111E+01  0.211054E+02  0.168895E+02  0.121259E+02  0.656183E+01  0.463486E+01  0.949742E-06 -0.164331E+00 -0.153631E-01 -0.261978E+01 -0.283064E+01 -0.279156E+01 -0.382162E-01 -0.865861E-01 -0.168092E+01 -0.162802E+01 -0.136560E+01 -0.639407E+00 -0.616620E+00
  0.220000E+02  0.000000E+00  0.250252E+00  0.249710E+00  0.447649E+00  0.645118E+00  0.695073E+00  0.683810E+00  0.932850E+00  0.124449E+01  0.151627E+01  0.179465E+01  0.152913E+01  0.210814E+01 -0.100000E+03  0.103982E+02  0.104401E+01  0.679604E+02  0.568103E+02  0.536873E+02  0.934237E+00  0.142709E+01  0.208616E+02  0.167811E+02  0.117939E+02  0.679554E+01  0.455901E+01  0.926189E-06 -0.164390E+00 -0.163812E-01 -0.260571E+01 -0.279814E+01 -0.277915E+01 -0.401413E-01 -0.836542E-01 -0.166795E+01 -0.162173E+01 -0.133924E+01 -0.654417E+00 -0.604508E+00
  0.230000E+02  0.000000E+00  0.249328E+00  0.249720E+00  0.433032E+00  0.632362E+00  0.679709E+00  0.680288E+00  0.929142E+00  0.124447E+01  0.151466E+01  0.180531E+01  0.150903E+01  0.210042E+01 -0.100000E+03  0.103967E+02  0.111195E+01  0.671952E+02  0.550134E+02  0.525198E+02  0.985001E+00  0.137498E+01  0.199092E+02  0.161752E+02  0.111338E+02  0.695694E+01  0.443646E+01  0.916361E-06 -0.163759E+00 -0.174480E-01 -0.246863E+01 -0.261751E+01 -0.263576E+01 -0.421047E-01 -0.802784E-01 -0.158855E+01 -0.155991E+01 -0.127081E+01 -0.661227E+00 -0.586071E+00
  0.240000E+02  0.000000E+00  0.248682E+00  0.249733E+00  0.432956E+00  0.634408E+00  0.679666E+00  0.676817E+00  0.925570E+00  0.125189E+01  0.152120E+01  0.182082E+01  0.149437E+01  0.209436E+01 -0.100000E+03  0.103778E+02  0.118047E+01  0.673024E+02  0.548110E+02  0.526649E+02  0.103415E+01  0.134544E+01  0.199506E+02  0.162585E+02  0.111589E+02  0.703305E+01  0.438228E+01  0.907031E-06 -0.163035E+00 -0.185242E-01 -0.247540E+01 -0.261215E+01 -0.264567E+01 -0.439802E-01 -0.782517E-01 -0.160148E+01 -0.157494E+01 -0.128466E+01 -0.662001E+00 -0.577230E+00
  0.250000E+02  0.000000E+00  0.248047E+00  0.249742E+00  0.433444E+00  0.636963E+00  0.680267E+00  0.673419E+00  0.922107E+00  0.125865E+01  0.152705E+01  0.183467E+01  0.148025E+01  0.208803E+01 -0.100000E+03  0.103520E+02  0.125125E+01  0.673153E+02  0.544963E+02  0.527190E+02  0.108246E+01  0.131826E+01  0.199283E+02  0.162915E+02  0.111440E+02  0.710553E+01  0.433130E+01  0.901105E-06 -0.162209E+00 -0.196359E-01 -0.247906E+01 -0.260123E+01 -0.265177E+01 -0.458037E-01 -0.763833E-01 -0.160825E+01 -0.158430E+01 -0.129268E+01 -0.662538E+00 -0.568779E+00
