  # Wind [m/s]             1             2             3             4             5             6             7             8             9            10            11            12            13             1             2             3             4             5             6             7             8             9            10            11            12            13
  0.400000E+01  0.000000E+00  0.250929E+00  0.256377E+00  0.483524E+00  0.645454E+00  0.683125E+00  0.829612E+00  0.103002E+01  0.135674E+01  0.159927E+01  0.177827E+01  0.180636E+01  0.224372E+01  0.100000E+03  0.323138E+00  0.331014E+00  0.393153E+00  0.482133E+00  0.417987E+00  0.472017E+00  0.472160E+00  0.847555E+00  0.127833E+01  0.127769E+01  0.987037E+00  0.244352E+01
  0.500000E+01  0.000000E+00  0.250923E+00  0.256379E+00  0.483388E+00  0.644801E+00  0.683021E+00  0.830369E+00  0.103081E+01  0.135608E+01  0.159897E+01  0.177966E+01  0.180586E+01  0.224375E+01  0.100000E+03  0.323128E+00  0.331016E+00  0.392952E+00  0.482105E+00  0.417956E+00  0.472267E+00  0.472391E+00  0.845573E+00  0.127826E+01  0.133591E+01  0.928976E+00  0.244479E+01
  0.600000E+01  0.000000E+00  0.250915E+00  0.256381E+00  0.483214E+00  0.643970E+00  0.682887E+00  0.831321E+00  0.103180E+01  0.135534E+01  0.159867E+01  0.177694E+01  0.180979E+01  0.224368E+01  0.100000E+03  0.323119E+00  0.331019E+00  0.392709E+00  0.482087E+00  0.417917E+00  0.472580E+00  0.472689E+00  0.843052E+00  0.127812E+01  0.133992E+01  0.925251E+00  0.244605E+01
  0.700000E+01  0.000000E+00  0.250912E+00  0.256381E+00  0.483142E+00  0.643626E+00  0.682831E+00  0.831709E+00  0.103221E+01  0.135508E+01  0.159858E+01  0.177453E+01  0.181272E+01  0.224361E+01  0.100000E+03  0.323114E+00  0.331021E+00  0.392605E+00  0.482087E+00  0.417906E+00  0.472707E+00  0.472813E+00  0.842013E+00  0.127804E+01  0.132594E+01  0.939374E+00  0.244642E+01
  0.800000E+01  0.000000E+00  0.250831E+00  0.256385E+00  0.478524E+00  0.646067E+00  0.691215E+00  0.825154E+00  0.103971E+01  0.135282E+01  0.160474E+01  0.177672E+01  0.181415E+01  0.224315E+01  0.100000E+03  0.323041E+00  0.331023E+00  0.392145E+00  0.481307E+00  0.413929E+00  0.472687E+00  0.472566E+00  0.848359E+00  0.126968E+01  0.131852E+01  0.944263E+00  0.243921E+01
  0.900000E+01  0.000000E+00  0.250662E+00  0.256392E+00  0.470071E+00  0.650988E+00  0.707538E+00  0.812841E+00  0.105402E+01  0.134858E+01  0.161710E+01  0.178121E+01  0.181720E+01  0.224228E+01  0.100000E+03  0.322889E+00  0.331027E+00  0.390785E+00  0.478903E+00  0.406944E+00  0.472745E+00  0.472071E+00  0.859390E+00  0.125458E+01  0.130182E+01  0.955705E+00  0.242489E+01
  0.100000E+02  0.000000E+00  0.250472E+00  0.256399E+00  0.462007E+00  0.656349E+00  0.724307E+00  0.800710E+00  0.106848E+01  0.134445E+01  0.163027E+01  0.178609E+01  0.182072E+01  0.224139E+01  0.100000E+03  0.322717E+00  0.331032E+00  0.388886E+00  0.475723E+00  0.400081E+00  0.473060E+00  0.471538E+00  0.869077E+00  0.124054E+01  0.128107E+01  0.970612E+00  0.240982E+01
  0.110000E+02  0.000000E+00  0.250261E+00  0.256407E+00  0.454316E+00  0.662183E+00  0.741293E+00  0.788939E+00  0.108311E+01  0.134047E+01  0.164421E+01  0.179133E+01  0.182479E+01  0.224052E+01  0.100000E+03  0.322515E+00  0.331037E+00  0.386532E+00  0.472011E+00  0.392860E+00  0.473846E+00  0.470974E+00  0.877438E+00  0.122757E+01  0.125552E+01  0.989728E+00  0.239413E+01
  0.120000E+02  0.000000E+00  0.250075E+00  0.256408E+00  0.447795E+00  0.670943E+00  0.754850E+00  0.778088E+00  0.109357E+01  0.133952E+01  0.165956E+01  0.179021E+01  0.183167E+01  0.223941E+01  0.100000E+03  0.322331E+00  0.331031E+00  0.385005E+00  0.468503E+00  0.389395E+00  0.470547E+00  0.469115E+00  0.892226E+00  0.121676E+01  0.108039E+01  0.115743E+01  0.237190E+01
  0.130000E+02  0.000000E+00  0.250111E+00  0.256400E+00  0.448236E+00  0.674061E+00  0.752804E+00  0.777053E+00  0.108965E+01  0.134321E+01  0.166199E+01  0.176493E+01  0.185337E+01  0.223786E+01  0.100000E+03  0.322378E+00  0.331018E+00  0.386203E+00  0.469136E+00  0.391025E+00  0.468085E+00  0.467676E+00  0.901146E+00  0.121688E+01  0.102551E+01  0.121206E+01  0.235902E+01
  0.140000E+02  0.000000E+00  0.250140E+00  0.256394E+00  0.448597E+00  0.676649E+00  0.750889E+00  0.776416E+00  0.108646E+01  0.134657E+01  0.166430E+01  0.174599E+01  0.186965E+01  0.223607E+01  0.100000E+03  0.322407E+00  0.331008E+00  0.387216E+00  0.469757E+00  0.392582E+00  0.465798E+00  0.466534E+00  0.908411E+00  0.121689E+01  0.100391E+01  0.123374E+01  0.234617E+01
  0.150000E+02  0.000000E+00  0.250167E+00  0.256388E+00  0.448929E+00  0.679049E+00  0.748983E+00  0.775981E+00  0.108357E+01  0.134981E+01  0.166658E+01  0.172997E+01  0.188339E+01  0.223415E+01  0.100000E+03  0.322446E+00  0.330999E+00  0.388157E+00  0.470383E+00  0.394001E+00  0.463683E+00  0.465527E+00  0.915006E+00  0.121689E+01  0.988750E+00  0.124914E+01  0.233318E+01
  0.160000E+02  0.000000E+00  0.250192E+00  0.256383E+00  0.449247E+00  0.681376E+00  0.747044E+00  0.775677E+00  0.108082E+01  0.135301E+01  0.166886E+01  0.171557E+01  0.189573E+01  0.223211E+01  0.100000E+03  0.322477E+00  0.330989E+00  0.389077E+00  0.471023E+00  0.395245E+00  0.461746E+00  0.464597E+00  0.921270E+00  0.121688E+01  0.976323E+00  0.126194E+01  0.231988E+01
  0.170000E+02  0.000000E+00  0.250216E+00  0.256378E+00  0.449559E+00  0.683668E+00  0.745072E+00  0.775473E+00  0.107818E+01  0.135621E+01  0.167112E+01  0.170229E+01  0.190710E+01  0.222998E+01  0.100000E+03  0.322506E+00  0.330980E+00  0.389984E+00  0.471679E+00  0.396287E+00  0.460010E+00  0.463725E+00  0.927313E+00  0.121666E+01  0.965703E+00  0.127326E+01  0.230631E+01
  0.180000E+02  0.000000E+00  0.250240E+00  0.256373E+00  0.449868E+00  0.685949E+00  0.743070E+00  0.775346E+00  0.107561E+01  0.135940E+01  0.167328E+01  0.168993E+01  0.191778E+01  0.222776E+01  0.100000E+03  0.322551E+00  0.330972E+00  0.390900E+00  0.472351E+00  0.397118E+00  0.458474E+00  0.462899E+00  0.933201E+00  0.121407E+01  0.958522E+00  0.128363E+01  0.229248E+01
  0.190000E+02  0.000000E+00  0.250263E+00  0.256368E+00  0.450176E+00  0.688241E+00  0.741032E+00  0.775280E+00  0.107309E+01  0.136260E+01  0.167470E+01  0.167890E+01  0.192798E+01  0.222545E+01  0.100000E+03  0.322559E+00  0.330963E+00  0.391815E+00  0.473042E+00  0.397747E+00  0.457131E+00  0.462108E+00  0.938998E+00  0.114477E+01  0.101879E+01  0.129337E+01  0.227833E+01
  0.200000E+02  0.000000E+00  0.250286E+00  0.256363E+00  0.450481E+00  0.690526E+00  0.738988E+00  0.775265E+00  0.107064E+01  0.136580E+01  0.167914E+01  0.166541E+01  0.193768E+01  0.222309E+01  0.100000E+03  0.322599E+00  0.330954E+00  0.392726E+00  0.473744E+00  0.398178E+00  0.455983E+00  0.461355E+00  0.944662E+00  0.119693E+01  0.958280E+00  0.130257E+01  0.226404E+01
  0.210000E+02  0.000000E+00  0.250308E+00  0.256359E+00  0.450777E+00  0.692746E+00  0.736999E+00  0.775290E+00  0.106831E+01  0.136889E+01  0.168131E+01  0.165490E+01  0.194672E+01  0.222074E+01  0.100000E+03  0.322639E+00  0.330946E+00  0.393615E+00  0.474436E+00  0.398423E+00  0.455034E+00  0.460655E+00  0.950062E+00  0.120753E+01  0.940069E+00  0.131109E+01  0.225004E+01
  0.220000E+02  0.000000E+00  0.250332E+00  0.256354E+00  0.451096E+00  0.695157E+00  0.734844E+00  0.775354E+00  0.106583E+01  0.137223E+01  0.168383E+01  0.164377E+01  0.195616E+01  0.221815E+01  0.100000E+03  0.322660E+00  0.330936E+00  0.394588E+00  0.475195E+00  0.398519E+00  0.454171E+00  0.459926E+00  0.955816E+00  0.121044E+01  0.929386E+00  0.131998E+01  0.223475E+01
  0.230000E+02  0.000000E+00  0.250355E+00  0.256349E+00  0.451405E+00  0.697496E+00  0.732764E+00  0.775446E+00  0.106348E+01  0.137546E+01  0.168632E+01  0.163328E+01  0.196500E+01  0.221560E+01  0.100000E+03  0.322687E+00  0.330928E+00  0.395538E+00  0.475932E+00  0.398464E+00  0.453482E+00  0.459247E+00  0.961299E+00  0.121159E+01  0.921124E+00  0.132831E+01  0.221984E+01
  0.240000E+02  0.000000E+00  0.250377E+00  0.256344E+00  0.451715E+00  0.699849E+00  0.730689E+00  0.775564E+00  0.106117E+01  0.137869E+01  0.168886E+01  0.162303E+01  0.197361E+01  0.221299E+01  0.100000E+03  0.322706E+00  0.330919E+00  0.396493E+00  0.476666E+00  0.398288E+00  0.452921E+00  0.458589E+00  0.966723E+00  0.121220E+01  0.913717E+00  0.133645E+01  0.220480E+01
  0.250000E+02  0.000000E+00  0.250399E+00  0.256340E+00  0.452025E+00  0.702208E+00  0.728630E+00  0.775703E+00  0.105889E+01  0.138192E+01  0.169142E+01  0.161301E+01  0.198200E+01  0.221035E+01  0.100000E+03  0.322749E+00  0.330910E+00  0.397453E+00  0.477372E+00  0.398028E+00  0.452478E+00  0.457952E+00  0.972083E+00  0.121259E+01  0.906837E+00  0.134443E+01  0.218966E+01
