  # Wind [m/s]             1             2             3             4             5             6             7             8             9            10            11            12            13             1             2             3             4             5             6             7             8             9            10            11            12            13
  0.400000E+01  0.000000E+00  0.242118E+00  0.249225E+00  0.458744E+00  0.558199E+00  0.582640E+00  0.800413E+00  0.894274E+00  0.120931E+01  0.140122E+01  0.159965E+01  0.168882E+01  0.217645E+01  0.100000E+03  0.310516E+00  0.321276E+00  0.324487E+00  0.393211E+00  0.452929E+00  0.444671E+00  0.445378E+00  0.699283E+00  0.117515E+01  0.120001E+01  0.880525E+00  0.225559E+01
  0.500000E+01  0.000000E+00  0.241985E+00  0.249243E+00  0.450921E+00  0.567690E+00  0.586887E+00  0.789967E+00  0.906672E+00  0.120585E+01  0.140762E+01  0.160184E+01  0.169246E+01  0.217370E+01  0.100000E+03  0.310367E+00  0.321312E+00  0.329252E+00  0.394979E+00  0.441592E+00  0.445045E+00  0.445640E+00  0.708763E+00  0.116251E+01  0.119819E+01  0.882502E+00  0.222610E+01
  0.600000E+01  0.000000E+00  0.241822E+00  0.249263E+00  0.443144E+00  0.575781E+00  0.593823E+00  0.779536E+00  0.919055E+00  0.120187E+01  0.141511E+01  0.160433E+01  0.169586E+01  0.217054E+01  0.100000E+03  0.310185E+00  0.321353E+00  0.332305E+00  0.408627E+00  0.419135E+00  0.445205E+00  0.445704E+00  0.718407E+00  0.114893E+01  0.119460E+01  0.884693E+00  0.219590E+01
  0.700000E+01  0.000000E+00  0.241630E+00  0.249285E+00  0.435561E+00  0.581868E+00  0.603893E+00  0.769038E+00  0.931285E+00  0.119749E+01  0.142356E+01  0.160697E+01  0.169850E+01  0.216702E+01  0.100000E+03  0.309968E+00  0.321399E+00  0.334070E+00  0.423552E+00  0.395799E+00  0.445019E+00  0.445428E+00  0.727692E+00  0.113493E+01  0.118846E+01  0.887086E+00  0.216510E+01
  0.800000E+01  0.000000E+00  0.241409E+00  0.249308E+00  0.428243E+00  0.586857E+00  0.616107E+00  0.758358E+00  0.943252E+00  0.119279E+01  0.143283E+01  0.160960E+01  0.169990E+01  0.216310E+01  0.100000E+03  0.309732E+00  0.321446E+00  0.334886E+00  0.430828E+00  0.380245E+00  0.444349E+00  0.444677E+00  0.736293E+00  0.112082E+01  0.117865E+01  0.890011E+00  0.213307E+01
  0.900000E+01  0.000000E+00  0.241158E+00  0.249332E+00  0.421226E+00  0.591593E+00  0.629561E+00  0.747381E+00  0.954863E+00  0.118785E+01  0.144284E+01  0.161197E+01  0.169971E+01  0.215871E+01  0.100000E+03  0.309445E+00  0.321495E+00  0.334973E+00  0.432957E+00  0.369824E+00  0.443069E+00  0.443328E+00  0.744030E+00  0.110680E+01  0.116350E+01  0.894512E+00  0.209869E+01
  0.100000E+02  0.000000E+00  0.240877E+00  0.249356E+00  0.414521E+00  0.596452E+00  0.643831E+00  0.736002E+00  0.966042E+00  0.118273E+01  0.145351E+01  0.161373E+01  0.169781E+01  0.215377E+01  0.100000E+03  0.309119E+00  0.321543E+00  0.334503E+00  0.432558E+00  0.361817E+00  0.441074E+00  0.441282E+00  0.750836E+00  0.109294E+01  0.114026E+01  0.902854E+00  0.206038E+01
  0.110000E+02  0.000000E+00  0.240658E+00  0.249366E+00  0.409954E+00  0.600744E+00  0.654525E+00  0.727132E+00  0.973434E+00  0.117977E+01  0.146186E+01  0.162538E+01  0.168691E+01  0.215168E+01  0.100000E+03  0.308859E+00  0.321562E+00  0.333998E+00  0.431217E+00  0.356484E+00  0.440033E+00  0.439870E+00  0.757976E+00  0.108387E+01  0.115266E+01  0.880479E+00  0.203991E+01
  0.120000E+02  0.000000E+00  0.240684E+00  0.249329E+00  0.410614E+00  0.604380E+00  0.654154E+00  0.723613E+00  0.969314E+00  0.118735E+01  0.146540E+01  0.163421E+01  0.168630E+01  0.215370E+01  0.100000E+03  0.308862E+00  0.321484E+00  0.334889E+00  0.430936E+00  0.354901E+00  0.443278E+00  0.441101E+00  0.774123E+00  0.108646E+01  0.110758E+01  0.939991E+00  0.204580E+01
  0.130000E+02  0.000000E+00  0.240714E+00  0.249308E+00  0.411149E+00  0.607147E+00  0.653884E+00  0.720152E+00  0.965380E+00  0.119335E+01  0.146870E+01  0.161299E+01  0.170805E+01  0.215060E+01  0.100000E+03  0.308882E+00  0.321438E+00  0.335733E+00  0.431117E+00  0.353755E+00  0.444214E+00  0.440710E+00  0.785036E+00  0.108713E+01  0.101319E+01  0.103848E+01  0.202195E+01
  0.140000E+02  0.000000E+00  0.240745E+00  0.249291E+00  0.411652E+00  0.609704E+00  0.653605E+00  0.716863E+00  0.961633E+00  0.119882E+01  0.147190E+01  0.159402E+01  0.172588E+01  0.214630E+01  0.100000E+03  0.308934E+00  0.321401E+00  0.336558E+00  0.431399E+00  0.352686E+00  0.444682E+00  0.440053E+00  0.794408E+00  0.108741E+01  0.972851E+00  0.108059E+01  0.199262E+01
  0.150000E+02  0.000000E+00  0.240777E+00  0.249275E+00  0.412148E+00  0.612201E+00  0.653287E+00  0.713695E+00  0.957983E+00  0.120406E+01  0.147512E+01  0.157675E+01  0.174129E+01  0.214130E+01  0.100000E+03  0.308968E+00  0.321369E+00  0.337399E+00  0.431728E+00  0.351615E+00  0.444973E+00  0.439303E+00  0.803042E+00  0.108751E+01  0.946452E+00  0.110776E+01  0.196072E+01
  0.160000E+02  0.000000E+00  0.240809E+00  0.249261E+00  0.412641E+00  0.614672E+00  0.652915E+00  0.710662E+00  0.954427E+00  0.120913E+01  0.147834E+01  0.156072E+01  0.175503E+01  0.213583E+01  0.100000E+03  0.309017E+00  0.321339E+00  0.338248E+00  0.432077E+00  0.350542E+00  0.445178E+00  0.438524E+00  0.811152E+00  0.108753E+01  0.926217E+00  0.112821E+01  0.192769E+01
  0.170000E+02  0.000000E+00  0.240841E+00  0.249248E+00  0.413131E+00  0.617120E+00  0.652482E+00  0.707792E+00  0.950979E+00  0.121403E+01  0.148155E+01  0.154576E+01  0.176748E+01  0.213003E+01  0.100000E+03  0.309062E+00  0.321311E+00  0.339097E+00  0.432425E+00  0.349483E+00  0.445340E+00  0.437747E+00  0.818814E+00  0.108750E+01  0.909554E+00  0.114478E+01  0.189451E+01
  0.180000E+02  0.000000E+00  0.240874E+00  0.249236E+00  0.413626E+00  0.619582E+00  0.651969E+00  0.705059E+00  0.947590E+00  0.121885E+01  0.148478E+01  0.153146E+01  0.177909E+01  0.212392E+01  0.100000E+03  0.309105E+00  0.321285E+00  0.339973E+00  0.432759E+00  0.348438E+00  0.445474E+00  0.436973E+00  0.826202E+00  0.108743E+01  0.895055E+00  0.115901E+01  0.186127E+01
  0.190000E+02  0.000000E+00  0.240907E+00  0.249224E+00  0.414124E+00  0.622058E+00  0.651366E+00  0.702480E+00  0.944267E+00  0.122360E+01  0.148803E+01  0.151776E+01  0.179001E+01  0.211757E+01  0.100000E+03  0.309155E+00  0.321260E+00  0.340871E+00  0.433057E+00  0.347443E+00  0.445577E+00  0.436208E+00  0.833342E+00  0.108726E+01  0.882192E+00  0.117159E+01  0.182840E+01
  0.200000E+02  0.000000E+00  0.240940E+00  0.249213E+00  0.414626E+00  0.624549E+00  0.650664E+00  0.700067E+00  0.941007E+00  0.122827E+01  0.149129E+01  0.150454E+01  0.180037E+01  0.211102E+01  0.100000E+03  0.309205E+00  0.321236E+00  0.341773E+00  0.433292E+00  0.346555E+00  0.445634E+00  0.435456E+00  0.840264E+00  0.108667E+01  0.870943E+00  0.118292E+01  0.179615E+01
  0.210000E+02  0.000000E+00  0.240974E+00  0.249202E+00  0.415131E+00  0.627053E+00  0.649854E+00  0.697833E+00  0.937811E+00  0.123288E+01  0.149462E+01  0.149170E+01  0.181025E+01  0.210430E+01  0.100000E+03  0.309253E+00  0.321212E+00  0.342701E+00  0.433420E+00  0.345830E+00  0.445627E+00  0.434715E+00  0.846989E+00  0.108721E+01  0.859507E+00  0.119330E+01  0.176471E+01
  0.220000E+02  0.000000E+00  0.241007E+00  0.249191E+00  0.415641E+00  0.629573E+00  0.648928E+00  0.695786E+00  0.934674E+00  0.123742E+01  0.149785E+01  0.147935E+01  0.181973E+01  0.209747E+01  0.100000E+03  0.309298E+00  0.321189E+00  0.343642E+00  0.433366E+00  0.345373E+00  0.445538E+00  0.433988E+00  0.853541E+00  0.108822E+01  0.848400E+00  0.120291E+01  0.173426E+01
  0.230000E+02  0.000000E+00  0.241040E+00  0.249180E+00  0.416156E+00  0.632107E+00  0.647886E+00  0.693933E+00  0.931595E+00  0.124190E+01  0.150112E+01  0.146731E+01  0.182888E+01  0.209056E+01  0.100000E+03  0.309343E+00  0.321167E+00  0.344598E+00  0.432979E+00  0.345357E+00  0.445350E+00  0.433277E+00  0.859940E+00  0.108811E+01  0.839098E+00  0.121193E+01  0.170499E+01
  0.240000E+02  0.000000E+00  0.241074E+00  0.249170E+00  0.416673E+00  0.634641E+00  0.646733E+00  0.692281E+00  0.928579E+00  0.124633E+01  0.150439E+01  0.145560E+01  0.183773E+01  0.208360E+01  0.100000E+03  0.309400E+00  0.321146E+00  0.345574E+00  0.431886E+00  0.346160E+00  0.445054E+00  0.432580E+00  0.866184E+00  0.108812E+01  0.830289E+00  0.122043E+01  0.167691E+01
  0.250000E+02  0.000000E+00  0.241107E+00  0.249160E+00  0.417193E+00  0.637147E+00  0.645490E+00  0.690830E+00  0.925627E+00  0.125068E+01  0.150766E+01  0.144420E+01  0.184629E+01  0.207661E+01  0.100000E+03  0.309447E+00  0.321125E+00  0.346562E+00  0.428915E+00  0.348955E+00  0.444650E+00  0.431891E+00  0.872276E+00  0.108819E+01  0.821948E+00  0.122849E+01  0.164994E+01
