Statistics: del10. Generated: 04/11/2021 15:38:35. No. files: 20.
                              File                       4                      10                      11                      13                      15                      19                      20                      22                      23                      27                      28                      29                      63                      66                      72                     102                     110
              redesign_dl_05.0.dat nan 2.127632275328259772e-04 7.466454488940932777e+01 3.864445851027095813e+00 nan 4.008062986776773187e+02 1.632917480526299641e+03 3.574095394381601523e+02 3.725268237778734459e+01 4.047673005770564103e+00 8.453619294485544060e+02 1.655696448041579788e+04 2.968633048442548827e-01 3.080935258472919033e-02 4.227952637906121709e+03 2.065803883126337951e+03 4.896786356756342684e+01
              redesign_dl_06.0.dat nan 2.503843453245922519e-04 1.066722118686900700e+02 5.507338717575258613e+00 nan 6.793999189513872352e+02 2.304183408636287822e+03 4.859416272082477235e+02 5.533171151760605255e+01 5.386788706423174311e+00 8.530291759433789593e+02 1.691061319286945218e+04 3.424602547385406925e-01 3.491857931369689305e-02 5.692067183347057835e+03 3.295879305273329919e+03 5.037134653026998166e+01
              redesign_dl_07.0.dat nan 2.686607396541819165e-04 1.399009607154523849e+02 7.301895908123648304e+00 nan 1.277733420296939130e+03 3.981279196545755894e+03 6.245583415057812999e+02 9.330700275203092531e+01 7.063233243924795346e+00 8.706177662357905547e+02 1.709008342035207534e+04 3.785121132425574020e-01 3.857685011523308977e-02 5.841936406644533236e+03 3.938577085432425065e+03 5.174269174898523715e+01
              redesign_dl_08.0.dat nan 3.283434389420664340e-04 1.924239178909547263e+02 9.911487784680636182e+00 nan 1.080372708506548179e+03 5.087377616412826683e+03 7.572862753483343567e+02 9.810966801485523092e+01 1.788287746636599351e+01 8.691784432485964089e+02 1.744750048186524873e+04 4.359665293836886835e-01 4.471677060494982925e-02 1.700261800493014380e+04 1.316139339215130894e+04 5.312638612961750084e+01
              redesign_dl_09.0.dat nan 3.879235384076761689e-04 2.572807304755220343e+02 1.317010856844058786e+01 nan 1.047120707495270153e+03 4.227223153208385156e+03 8.718910183674549899e+02 9.123068932201888970e+01 1.856879458413975570e+01 8.869612098499773083e+02 1.768462798383980771e+04 5.160821442170272499e-01 5.097406648308892840e-02 1.687042824924967863e+04 1.461589944689319418e+04 5.449291210494875060e+01
              redesign_dl_10.0.dat nan 4.732028969924907962e-04 3.452607724605660451e+02 1.825196862171286583e+01 nan 1.368187710808180782e+03 5.721634986934735934e+03 1.066384841216133054e+03 1.340930848935620645e+02 1.332333306568375342e+01 8.946793665207217146e+02 1.799051556516118217e+04 6.390536199053522548e-01 6.233339994939827294e-02 nan 9.953505748288931500e+03 5.622064340056650167e+01
              redesign_dl_11.0.dat 2.974485008293485389e-01 9.693007887061167805e-04 5.708553123628549884e+02 2.904951009512708637e+01 nan 2.144905434782516022e+04 3.250906748506445729e+04 1.709317761756731898e+03 7.598812162653752011e+02 5.375944990441767857e+01 1.306352044582563394e+03 1.786520944963396687e+04 7.644458758661906161e-01 8.019859882035022813e-02 4.613456691773103375e+04 1.927980556850619450e+03 5.665981172483563455e+01
              redesign_dl_12.0.dat 2.088587080017532127e-01 7.080204421684356151e-04 4.825163052746599419e+02 2.845030726933548948e+01 nan 1.570028566840569692e+04 2.835926276145284282e+04 1.538261824507723531e+03 6.579493716389280280e+02 5.371752614640637802e+01 1.113356912819515856e+03 1.810167590015302267e+04 6.047810120801772049e-01 6.719255460142503633e-02 4.730938258886586846e+04 1.593518791592242223e+03 5.538627029044035766e+01
              redesign_dl_13.0.dat 1.525732598760581038e-01 6.945875983637652025e-04 5.025871924924163636e+02 2.876531232674641103e+01 nan 1.152617135242246331e+04 2.282961561305725627e+04 1.530008536273749542e+03 5.284624152083662239e+02 4.855010373061149664e+01 1.074401223929012986e+03 1.811402343965182445e+04 6.274948604215901948e-01 6.958078588905945716e-02 4.219680703062649263e+04 1.434062078747214855e+03 5.471680462476501816e+01
              redesign_dl_14.0.dat 1.390475770133105526e-01 7.801218658808812580e-04 5.609012406492356604e+02 3.027581347789909216e+01 nan 1.059635992199617613e+04 2.251226585996380891e+04 1.616869250947395358e+03 5.211479303178912232e+02 5.119996885909767315e+01 1.067557525242744759e+03 1.805620898233391199e+04 6.117200840807938134e-01 7.030464087226050152e-02 4.405942256587089651e+04 1.521886339249011598e+03 5.423960466736642161e+01
              redesign_dl_15.0.dat 1.093654138810638693e-01 8.917884236943410259e-04 6.272931544448592831e+02 3.131951555533220244e+01 nan 8.135541752451427783e+03 1.830885814365483020e+04 1.636658517536272711e+03 4.248504680863982799e+02 4.869573720484727630e+01 1.140581120158097519e+03 1.803185619019253500e+04 5.985221867563803588e-01 6.972948732554613838e-02 4.079886474320339767e+04 1.482930002827976978e+03 5.385005880643326748e+01
              redesign_dl_16.0.dat 9.467710383615776659e-02 1.020369113923750562e-03 6.996110063932029561e+02 3.284759427145776556e+01 nan 7.215177949399338104e+03 1.641932795586789871e+04 1.690087822633815449e+03 3.728034580934933615e+02 4.736712542585523522e+01 1.231617848568612999e+03 1.798569354417058275e+04 6.110589877434565720e-01 7.282362197734035258e-02 3.892761836548755673e+04 1.558868420437933082e+03 5.351384925282724936e+01
              redesign_dl_17.0.dat 8.615349783957053365e-02 1.163179107360496007e-03 7.788235091939295671e+02 3.444663561960991416e+01 nan 6.349314110377411453e+03 1.496788837246615731e+04 1.754645612170297682e+03 3.342969581867811826e+02 5.012779164040457403e+01 1.376738137660572875e+03 1.790544734390675148e+04 6.336344705705206914e-01 7.683530342078849495e-02 4.063183173273393913e+04 1.652551192861104028e+03 5.322025223782674885e+01
              redesign_dl_18.0.dat 6.989397761106803941e-02 1.316557458256715010e-03 8.599760868350888359e+02 3.610824787689133331e+01 nan 4.788510790345391797e+03 1.138101191039171135e+04 1.795592943530487673e+03 2.638753254675378344e+02 4.934347114872346651e+01 1.542364461358596600e+03 1.781579587773376988e+04 6.512262994680615424e-01 8.091207513948460439e-02 3.810693764218052092e+04 1.737495778137717707e+03 5.295500206401899845e+01
              redesign_dl_19.0.dat 6.493475060837480828e-02 1.493908251071969159e-03 9.511438611063587132e+02 3.805473284717535876e+01 nan 4.282478276364768135e+03 1.052948464528142904e+04 1.863199231305420426e+03 2.440630941715317306e+02 5.273487482012833993e+01 1.722972669097057633e+03 1.772103143099579756e+04 6.784228407256491789e-01 8.542161696911336477e-02 3.871008649823299493e+04 2.025371484296330209e+03 5.272247253765099373e+01
              redesign_dl_20.0.dat 6.271430111524603501e-02 1.696173229346631785e-03 1.049697675657713944e+03 4.036589626603703351e+01 nan 4.109556439576514094e+03 1.014276257772835379e+04 1.941656138435862204e+03 2.293510300077432191e+02 5.792097493014454557e+01 1.906607912090885975e+03 1.762164060846758366e+04 7.227448772894866647e-01 9.088731129449721668e-02 4.081102664920313691e+04 2.360039808052620629e+03 5.250981974645904415e+01
              redesign_dl_21.0.dat 5.886084773932644121e-02 1.917128648885226948e-03 1.160866245323563589e+03 4.248179615559437394e+01 nan 3.747128318387768104e+03 8.908703660902121555e+03 2.019828371409296096e+03 1.970614657336846847e+02 6.602097753983305495e+01 2.107314147810550367e+03 1.751340374960065674e+04 7.668590631371110522e-01 9.630996067222598322e-02 4.262530708639256773e+04 3.073835297728816386e+03 5.231384195575715523e+01
              redesign_dl_22.0.dat 5.525258160166433147e-02 2.148765843974169594e-03 1.272644365860554672e+03 4.476931336775735559e+01 nan 3.331825534281294040e+03 7.378906015215950902e+03 2.093827377122832786e+03 1.572753236258824074e+02 7.800594294260945105e+01 2.309361983162298657e+03 1.739223919115236640e+04 8.163517647996558768e-01 1.022618657693783184e-01 4.472132901175731968e+04 4.079101202036548784e+03 5.213961359562276954e+01
              redesign_dl_23.0.dat 5.374566484847087544e-02 2.385135433076472286e-03 1.398071576201041808e+03 4.716356233677555565e+01 nan 3.120556946828794935e+03 6.288646199890371463e+03 2.172102321551256864e+03 1.265353342062015116e+02 9.315720151075439048e+01 2.508129880763651727e+03 1.725277988366278441e+04 8.688606462469591341e-01 1.087416142660331264e-01 4.790250736909216357e+04 5.245076336218236975e+03 5.197601802679136540e+01
              redesign_dl_24.0.dat 5.393436713170687846e-02 2.604402044660392591e-03 1.525723294246920204e+03 4.980961582487215367e+01 nan 2.999085602354716229e+03 5.466860354335008196e+03 2.237674057344060657e+03 1.044190176639832117e+02 1.106642802217966448e+02 2.721579966274694925e+03 1.710321204954656059e+04 9.236051048292197585e-01 1.129968327658763816e-01 5.231678134536765720e+04 6.299339042708190391e+03 5.182721876707388731e+01
