Statistics: mean. Generated: 04/11/2021 15:38:35. No. files: 20.
                              File                       4                      10                      11                      13                      15                      19                      20                      22                      23                      27                      28                      29                      63                      66                      72                     102                     110
              redesign_dl_05.0.dat 5.349999999999999938e-04 3.535691435499999646e-01 3.013156062000000020e+03 3.578746193499999890e+02 5.000000000000000000e+00 3.295836742500000400e+04 2.975560313999999835e+03 -8.656217086000000563e+03 3.028741200500000105e+03 -3.007689041499999803e+03 -8.039998599999999897e+03 7.891358510444501917e+02 9.584914831499999011e+00 1.454055708000000058e+00 2.797233066000000108e+06 9.890150356499999762e+05 4.873642745499999762e+01
              redesign_dl_06.0.dat 5.349999999999999938e-04 4.243026899500000337e-01 4.339934605999999803e+03 5.149370504999999412e+02 6.000000000000000000e+00 5.178044125000000349e+04 4.259746153499999309e+03 -8.092409846500000640e+03 4.359767087999999603e+03 -4.331456742000000304e+03 -1.107211296500000026e+04 1.508066967106999982e+03 9.526184852500000133e+00 1.447906004500000066e+00 4.028373519499999937e+06 1.709247999000000069e+06 4.814955923000000126e+01
              redesign_dl_07.0.dat 5.349999999999999938e-04 4.949529320499999607e-01 5.906701211499999772e+03 6.997268474500000366e+02 7.000000000000000000e+00 7.389948308499999985e+04 5.761002248000000691e+03 -7.445048831499999324e+03 5.929282532500000343e+03 -5.894026555499999631e+03 -1.456961451999999917e+04 1.592528321769500053e+03 9.462385576999999159e+00 1.441196489500000011e+00 5.481607593999999575e+06 2.713138588500000071e+06 4.781184279999999376e+01
              redesign_dl_08.0.dat 5.349999999999999938e-04 5.654373266500000161e-01 7.710729854000001069e+03 9.113224264000000403e+02 8.000000000000000000e+00 9.921009694499999750e+04 7.456664703499999632e+03 -6.725069186499999887e+03 7.732876457499998651e+03 -7.692228520999999091e+03 -1.851213291000000027e+04 2.161544115087099726e+03 9.377623750999999785e+00 1.432282719000000260e+00 7.153987110999999568e+06 4.045130532999999821e+06 4.743656767499999916e+01
              redesign_dl_09.0.dat 5.349999999999999938e-04 6.356533826499999318e-01 9.747339196500000980e+03 1.148432485000000042e+03 9.000000000000000000e+00 1.275384070000000065e+05 9.360917916499998682e+03 -5.940437619500000437e+03 9.765438190999999279e+03 -9.721283990500000073e+03 -2.286365426500000103e+04 2.644356209403259982e+03 9.286614363500000024e+00 1.422696196999999829e+00 9.041078257999999449e+06 5.746988102500000037e+06 4.704950692500000287e+01
              redesign_dl_10.0.dat 5.349999999999999938e-04 7.304722508999998976e-01 1.171161304000000018e+04 1.459659897500000170e+03 1.000000000000000000e+01 1.646501974500000069e+05 1.115873701849999998e+04 -4.923744060500000160e+03 1.171380735499999901e+04 -1.167477693500000169e+04 -2.854207389999999941e+04 3.335296381317500163e+03 8.775824313000001098e+00 1.369943225499999917e+00 1.085790000000000000e+07 7.931388183000000194e+06 4.638038550500000667e+01
              redesign_dl_11.0.dat 2.224542266999999907e+00 7.740005866000000401e-01 1.393525901500000145e+04 1.514663680000000113e+03 1.100000000000000000e+01 1.714433108500000089e+05 1.336489971261400024e+04 -4.792181746000000203e+03 1.391405013000000145e+04 -1.389197194499999932e+04 -2.923403219000000536e+04 3.917581463189634633e+03 7.379604396999999594e+00 1.220102234000000063e+00 1.291993981499999948e+07 9.999999782500000671e+06 4.633902958499999869e+01
              redesign_dl_12.0.dat 7.243896886499999965e+00 7.740012794499998572e-01 1.393064794000000074e+04 1.201857754500000283e+03 1.200000000000000000e+01 1.347966538000000000e+05 1.349110136962531215e+04 -5.847937359499999729e+03 1.388221730000000025e+04 -1.389209872499999983e+04 -2.305401572999999917e+04 3.975660397698500219e+03 4.290663254000000926e+00 8.614384125500000877e-01 1.291993659500000067e+07 9.999999412499999627e+06 4.708531317000000627e+01
              redesign_dl_13.0.dat 1.006675281950000134e+01 7.740014172000000414e-01 1.392977190999999948e+04 1.056785239000000047e+03 1.300000000000000000e+01 1.180523898999999947e+05 1.354855848942474950e+04 -6.318398362500000076e+03 1.386260245000000032e+04 -1.389216313499999887e+04 -2.001455738999999812e+04 3.763894397547449898e+03 2.773487346000000464e+00 6.758292814499999857e-01 1.291991842500000075e+07 9.999999655999999493e+06 4.752264458500000188e+01
              redesign_dl_14.0.dat 1.228609547499999977e+01 7.740009977499999749e-01 1.392945213000000149e+04 9.591805458499999304e+02 1.400000000000000000e+01 1.069793115450000041e+05 1.358881639946070572e+04 -6.608811369000000013e+03 1.384461496500000067e+04 -1.389223554499999955e+04 -1.786155242999999973e+04 3.656766522272500424e+03 1.679247978000000252e+00 5.397874885500000275e-01 1.291992440499999933e+07 9.999999060499999672e+06 4.780061674999999610e+01
              redesign_dl_15.0.dat 1.420439369500000026e+01 7.740010196000000064e-01 1.393053528000000188e+04 8.858650956500001712e+02 1.500000000000000000e+01 9.882245123000000603e+04 1.362782521121100217e+04 -6.805449407000000974e+03 1.382650385500000084e+04 -1.389229931500000021e+04 -1.616737866999999824e+04 3.654771670681500382e+03 7.994517889500000196e-01 4.290878667999999396e-01 1.291991582000000030e+07 9.999999216000000015e+06 4.807969277499999805e+01
              redesign_dl_16.0.dat 1.593110976000000001e+01 7.740018553999999940e-01 1.393079908499999874e+04 8.279106446499999947e+02 1.600000000000000000e+01 9.253725852499999746e+04 1.366151997605000179e+04 -6.934674833999998555e+03 1.380780220500000178e+04 -1.389234850999999981e+04 -1.476475967499999933e+04 3.675391049206149546e+03 5.943207743515049185e-02 3.355184204500000211e-01 1.291989658999999985e+07 9.999998923499999568e+06 4.824262377000000157e+01
              redesign_dl_17.0.dat 1.752587062000000273e+01 7.740014233999999993e-01 1.393152603499999896e+04 7.806026293499999156e+02 1.700000000000000000e+01 8.755886610499999369e+04 1.369665739600000052e+04 -7.016740241999999853e+03 1.378898874000000069e+04 -1.389242484499999955e+04 -1.356178225999999995e+04 3.686794666024299659e+03 -5.822335306650000541e-01 2.526196348499999966e-01 1.291990139000000060e+07 9.999998731000000611e+06 4.839425036499999777e+01
              redesign_dl_18.0.dat 1.902244023000000084e+01 7.740014771000000016e-01 1.393257880500000101e+04 7.410836289000000079e+02 1.800000000000000000e+01 8.354528300499999023e+04 1.374413633299999856e+04 -7.060916078000000198e+03 1.376990562499999942e+04 -1.389249340999999913e+04 -1.250820000000000073e+04 3.674846163805715150e+03 -1.152480531599999747e+00 1.784369940999999959e-01 1.291989771000000089e+07 9.999998867499999702e+06 4.854728026499999771e+01
              redesign_dl_19.0.dat 2.044054708999999903e+01 7.740011392000000212e-01 1.393375335499999892e+04 7.075556761499999539e+02 1.900000000000000000e+01 8.028562005000001227e+04 1.379590279999999984e+04 -7.074983609500000057e+03 1.375054939999999988e+04 -1.389255995499999881e+04 -1.157102066500000001e+04 3.660624753956999484e+03 -1.666879246000000148e+00 1.115155824649999849e-01 1.291990024499999918e+07 9.999997847500000149e+06 4.870045806499999941e+01
              redesign_dl_20.0.dat 2.179433437499999826e+01 7.740007454500000827e-01 1.393495571000000018e+04 6.787702428500000451e+02 2.000000000000000000e+01 7.763024105999998574e+04 1.385881279149999864e+04 -7.062654350999999224e+03 1.373111258499999894e+04 -1.389266030499999761e+04 -1.072720674099999997e+04 3.640738355339500231e+03 -2.135902057500000062e+00 5.048888316289599359e-02 1.291991159500000067e+07 9.999998608999999240e+06 4.884338189500000027e+01
              redesign_dl_21.0.dat 2.309386601499999969e+01 7.740006877999999757e-01 1.393621403499999906e+04 6.538722375500000226e+02 2.100000000000000000e+01 7.547712094000000798e+04 1.393722539749999851e+04 -7.028219765999999254e+03 1.371195064499999899e+04 -1.389275056500000028e+04 -9.960691549999999552e+03 3.617878970671050411e+03 -2.567176399500000095e+00 -5.633319033216999810e-03 1.291991815000000037e+07 9.999998800499999896e+06 4.897661382999999091e+01
              redesign_dl_22.0.dat 2.434812186999999994e+01 7.740005281999999820e-01 1.393754936999999882e+04 6.323238564499999939e+02 2.200000000000000000e+01 7.375352818000000843e+04 1.402861254949999966e+04 -6.983499215999999251e+03 1.369384530500000074e+04 -1.389282522000000245e+04 -9.263731933499997467e+03 3.592084226018354912e+03 -2.967223167000000217e+00 -5.769637225182100426e-02 1.291992767999999970e+07 9.999998728000000119e+06 4.909813569499999630e+01
              redesign_dl_23.0.dat 2.556201045999999977e+01 7.740000686000000352e-01 1.393890125499999886e+04 6.136163742000001093e+02 2.300000000000000000e+01 7.241335893499999656e+04 1.412232212450000043e+04 -6.917728816500000903e+03 1.367479291499999999e+04 -1.389290811000000031e+04 -8.625705375999999887e+03 3.562595798487249795e+03 -3.339741512499999843e+00 -1.061801960849999837e-01 1.291993886999999918e+07 9.999997881999999285e+06 4.921103280500000210e+01
              redesign_dl_24.0.dat 2.673902380499999865e+01 7.739994658000001193e-01 1.394033129000000008e+04 5.973021020500000304e+02 2.400000000000000000e+01 7.140134042000000773e+04 1.421446995349999997e+04 -6.834438810500000727e+03 1.365470589000000109e+04 -1.389301307500000075e+04 -8.035425874000001386e+03 3.535260994040499554e+03 -3.688356803000000017e+00 -1.509654717149999936e-01 1.291995115499999933e+07 9.999998668999999762e+06 4.932135666499999616e+01
