Statistics: max. Generated: 04/11/2021 15:38:35. No. files: 20.
                              File                       4                      10                      11                      13                      15                      19                      20                      22                      23                      27                      28                      29                      63                      66                      72                     102                     110
              redesign_dl_05.0.dat 5.349999999999999938e-04 3.537500000000000089e-01 3.039260000000000218e+03 3.591920000000000073e+02 5.000000000000000000e+00 3.319619999999999709e+04 4.351880000000000109e+03 -8.351069999999999709e+03 3.060789999999999964e+03 -3.004460000000000036e+03 -7.433199999999999818e+03 1.323810000000000036e+04 9.874409999999999243e+00 1.483360000000000012e+00 2.801550000000000000e+06 9.911380000000000000e+05 8.270690000000000452e+01
              redesign_dl_06.0.dat 5.349999999999999938e-04 4.244870000000000032e-01 4.377489999999999782e+03 5.167440000000000282e+02 6.000000000000000000e+00 5.215659999999999854e+04 6.216779999999999745e+03 -7.685850000000000364e+03 4.411979999999999563e+03 -4.326680000000000291e+03 -1.044610000000000036e+04 1.362300000000000000e+04 9.841179999999999595e+00 1.479349999999999943e+00 4.033400000000000000e+06 1.712270000000000000e+06 8.259749999999999659e+01
              redesign_dl_07.0.dat 5.349999999999999938e-04 4.951559999999999850e-01 5.952380000000000109e+03 7.019980000000000473e+02 7.000000000000000000e+00 7.469100000000000000e+04 8.838049999999999272e+03 -6.911619999999999891e+03 6.010960000000000036e+03 -5.888079999999999927e+03 -1.395360000000000036e+04 1.397910000000000036e+04 9.776960000000000761e+00 1.472660000000000080e+00 5.487200000000000000e+06 2.716920000000000000e+06 8.246840000000000259e+01
              redesign_dl_08.0.dat 5.349999999999999938e-04 5.656550000000000189e-01 7.772310000000000400e+03 9.142350000000000136e+02 8.000000000000000000e+00 1.000930000000000000e+05 1.172989999999999964e+04 -6.054279999999999745e+03 7.816569999999999709e+03 -7.677210000000000036e+03 -1.793959999999999854e+04 1.450900000000000000e+04 9.736489999999999867e+00 1.468409999999999993e+00 7.167850000000000000e+06 4.056120000000000000e+06 8.231289999999999907e+01
              redesign_dl_09.0.dat 5.349999999999999938e-04 6.359050000000000535e-01 9.823000000000000000e+03 1.151980000000000018e+03 9.000000000000000000e+00 1.283060000000000000e+05 1.301370000000000073e+04 -5.125340000000000146e+03 9.844979999999999563e+03 -9.705979999999999563e+03 -2.228570000000000073e+04 1.508250000000000000e+04 9.701859999999999928e+00 1.461840000000000028e+00 9.055330000000000000e+06 5.759690000000000000e+06 8.213830000000000098e+01
              redesign_dl_10.0.dat 5.349999999999999938e-04 7.307670000000000554e-01 1.180570000000000073e+04 1.464230000000000018e+03 1.000000000000000000e+01 1.655680000000000000e+05 1.613270000000000073e+04 -3.861949999999999818e+03 1.182989999999999964e+04 -1.166460000000000036e+04 -2.795640000000000146e+04 1.574650000000000000e+04 9.293229999999999436e+00 1.418630000000000058e+00 1.085790000000000000e+07 7.939080000000000000e+06 8.190300000000000580e+01
              redesign_dl_11.0.dat 2.442950000000000177e+00 7.747760000000000202e-01 1.420329999999999927e+04 1.527430000000000064e+03 1.100000000000000000e+01 1.862510000000000000e+05 3.574259999999999854e+04 -3.229519999999999982e+03 1.447439999999999964e+04 -1.385439999999999964e+04 -2.826090000000000146e+04 1.632310000000000036e+04 8.111689999999999401e+00 1.293579999999999952e+00 1.295460000000000000e+07 1.000150000000000000e+07 8.188309999999999889e+01
              redesign_dl_12.0.dat 7.392820000000000391e+00 7.745450000000000390e-01 1.411210000000000036e+04 1.213839999999999918e+03 1.200000000000000000e+01 1.455190000000000000e+05 3.236250000000000000e+04 -4.377840000000000146e+03 1.434300000000000000e+04 -1.385279999999999927e+04 -2.230940000000000146e+04 1.640179999999999927e+04 4.866869999999999585e+00 9.204409999999999537e-01 1.295530000000000000e+07 1.000120000000000000e+07 8.218770000000000664e+01
              redesign_dl_13.0.dat 1.018510000000000026e+01 7.745049999999999990e-01 1.409079999999999927e+04 1.068160000000000082e+03 1.300000000000000000e+01 1.263460000000000000e+05 2.995550000000000000e+04 -4.818609999999999673e+03 1.424300000000000000e+04 -1.385560000000000036e+04 -1.931290000000000146e+04 1.635520000000000073e+04 3.338999999999999968e+00 7.346880000000000077e-01 1.295230000000000000e+07 1.000110000000000000e+07 8.232489999999999952e+01
              redesign_dl_14.0.dat 1.239860000000000007e+01 7.745469999999999855e-01 1.409789999999999964e+04 9.708999999999999773e+02 1.400000000000000000e+01 1.150430000000000000e+05 3.019059999999999854e+04 -5.016819999999999709e+03 1.422839999999999964e+04 -1.385329999999999927e+04 -1.714759999999999854e+04 1.629500000000000000e+04 2.217290000000000205e+00 5.956000000000000183e-01 1.295450000000000000e+07 1.000110000000000000e+07 8.242579999999999529e+01
              redesign_dl_15.0.dat 1.428880000000000017e+01 7.746070000000000455e-01 1.412329999999999927e+04 8.974049999999999727e+02 1.500000000000000000e+01 1.050120000000000000e+05 2.784870000000000073e+04 -5.178939999999999600e+03 1.417250000000000000e+04 -1.385389999999999964e+04 -1.543079999999999927e+04 1.622960000000000036e+04 1.303150000000000031e+00 4.825999999999999734e-01 1.295380000000000000e+07 1.000110000000000000e+07 8.250350000000000250e+01
              redesign_dl_16.0.dat 1.601259999999999906e+01 7.746939999999999937e-01 1.415129999999999927e+04 8.391549999999999727e+02 1.600000000000000000e+01 9.836650000000000000e+04 2.684050000000000000e+04 -5.232029999999999745e+03 1.409500000000000000e+04 -1.385400000000000000e+04 -1.393600000000000000e+04 1.614410000000000036e+04 5.761180000000000190e-01 3.901919999999999833e-01 1.295050000000000000e+07 1.000110000000000000e+07 8.257070000000000221e+01
              redesign_dl_17.0.dat 1.759700000000000131e+01 7.747739999999999627e-01 1.417339999999999964e+04 7.925170000000000528e+02 1.700000000000000000e+01 9.284839999999999418e+04 2.630720000000000073e+04 -5.244670000000000073e+03 1.405960000000000036e+04 -1.385089999999999964e+04 -1.263400000000000000e+04 1.605039999999999964e+04 -6.971800000000000219e-02 3.104169999999999985e-01 1.295490000000000000e+07 1.000120000000000000e+07 8.262239999999999895e+01
              redesign_dl_18.0.dat 1.907770000000000010e+01 7.748509999999999565e-01 1.419570000000000073e+04 7.531630000000000109e+02 1.800000000000000000e+01 8.745980000000000291e+04 2.355020000000000073e+04 -5.277930000000000291e+03 1.399560000000000036e+04 -1.385439999999999964e+04 -1.147679999999999927e+04 1.595020000000000073e+04 -6.613120000000000109e-01 2.384580000000000033e-01 1.295270000000000000e+07 1.000120000000000000e+07 8.267629999999999768e+01
              redesign_dl_19.0.dat 2.049330000000000140e+01 7.749430000000000485e-01 1.423070000000000073e+04 7.201480000000000246e+02 1.900000000000000000e+01 8.384439999999999418e+04 2.268470000000000073e+04 -5.254020000000000437e+03 1.395600000000000000e+04 -1.385470000000000073e+04 -1.042210000000000036e+04 1.584750000000000000e+04 -1.162740000000000107e+00 1.745200000000000085e-01 1.295200000000000000e+07 1.000150000000000000e+07 8.272039999999999793e+01
              redesign_dl_20.0.dat 2.184809999999999874e+01 7.750470000000000415e-01 1.426729999999999927e+04 6.921670000000000300e+02 2.000000000000000000e+01 8.125810000000000582e+04 2.230579999999999927e+04 -5.159909999999999854e+03 1.392210000000000036e+04 -1.385279999999999927e+04 -9.451190000000000509e+03 1.574329999999999927e+04 -1.603939999999999921e+00 1.169329999999999953e-01 1.295310000000000000e+07 1.000170000000000000e+07 8.276250000000000284e+01
              redesign_dl_21.0.dat 2.314519999999999911e+01 7.751510000000000344e-01 1.430750000000000000e+04 6.681979999999999791e+02 2.100000000000000000e+01 7.894189999999999418e+04 2.126329999999999927e+04 -5.054399999999999636e+03 1.387589999999999964e+04 -1.384979999999999927e+04 -8.553750000000000000e+03 1.563400000000000000e+04 -2.005409999999999915e+00 6.442820000000000491e-02 1.295380000000000000e+07 1.000210000000000000e+07 8.280039999999999623e+01
              redesign_dl_22.0.dat 2.439590000000000103e+01 7.752559999999999452e-01 1.435239999999999964e+04 6.476989999999999554e+02 2.200000000000000000e+01 7.689469999999999709e+04 1.996190000000000146e+04 -4.957399999999999636e+03 1.382629999999999927e+04 -1.384789999999999964e+04 -7.731579999999999927e+03 1.551539999999999964e+04 -2.370229999999999837e+00 1.662769999999999873e-02 1.295470000000000000e+07 1.000280000000000000e+07 8.283429999999999893e+01
              redesign_dl_23.0.dat 2.560770000000000124e+01 7.753750000000000364e-01 1.439939999999999964e+04 6.301150000000000091e+02 2.300000000000000000e+01 7.537069999999999709e+04 1.924629999999999927e+04 -4.837739999999999782e+03 1.377939999999999964e+04 -1.384089999999999964e+04 -6.958279999999999745e+03 1.539110000000000036e+04 -2.705340000000000078e+00 -2.723630000000000148e-02 1.295630000000000000e+07 1.000360000000000000e+07 8.286379999999999768e+01
              redesign_dl_24.0.dat 2.678229999999999933e+01 7.754940000000000166e-01 1.444889999999999964e+04 6.150890000000000555e+02 2.400000000000000000e+01 7.410950000000000000e+04 1.896859999999999854e+04 -4.705640000000000327e+03 1.374400000000000000e+04 -1.383289999999999964e+04 -6.230159999999999854e+03 1.525689999999999964e+04 -3.009999999999999787e+00 -6.729880000000000584e-02 1.296020000000000000e+07 1.000410000000000000e+07 8.289190000000000680e+01
