Statistics: p01. Generated: 04/11/2021 15:38:35. No. files: 20.
                              File                       4                      10                      11                      13                      15                      19                      20                      22                      23                      27                      28                      29                      63                      66                      72                     102                     110
              redesign_dl_05.0.dat 5.349999999999999938e-04 3.534189999999999832e-01 2.939500000000000000e+03 3.539750000000000227e+02 5.000000000000000000e+00 3.258679899999999907e+04 1.787048999999999978e+03 -8.829080099999999220e+03 3.000679899999999634e+03 -3.011030000000000200e+03 -8.690809999999999491e+03 -1.151120000000000073e+04 9.425969999999999516e+00 1.437070000000000070e+00 2.794150000000000000e+06 9.875389899999999907e+05 1.738700000000000045e+01
              redesign_dl_06.0.dat 5.349999999999999938e-04 4.241389999999999882e-01 4.236890000000000327e+03 5.094700000000000273e+02 6.000000000000000000e+00 5.118499700000000303e+04 2.556276100000000042e+03 -8.327340000000000146e+03 4.321619899999999689e+03 -4.335279999999999745e+03 -1.168939999999999964e+04 -1.117410200000000077e+04 9.335159799999999564e+00 1.427839999999999998e+00 4.024400000000000000e+06 1.706990000000000000e+06 1.661369800000000296e+01
              redesign_dl_07.0.dat 5.349999999999999938e-04 4.947940000000000116e-01 5.771129899999999907e+03 6.925149900000000116e+02 7.000000000000000000e+00 7.290709300000000803e+04 2.741542699999999968e+03 -7.723320200000000114e+03 5.864649899999999434e+03 -5.898949999999999818e+03 -1.520100000000000000e+04 -1.064480099999999948e+04 9.226379900000001300e+00 1.416529900000000008e+00 5.477590000000000000e+06 2.710480000000000000e+06 1.572349399999999875e+01
              redesign_dl_08.0.dat 5.349999999999999938e-04 5.652289999999999814e-01 7.525679900000000089e+03 9.015339999999999918e+02 8.000000000000000000e+00 9.852729600000000210e+04 3.642275500000000193e+03 -7.029230099999999766e+03 7.663850000000000364e+03 -7.704510000000000218e+03 -1.918190000000000146e+04 -1.030090099999999984e+04 9.109219900000001147e+00 1.404189899999999991e+00 7.141430000000000000e+06 4.035580000000000000e+06 1.472319599999999973e+01
              redesign_dl_09.0.dat 5.349999999999999938e-04 6.354090000000000016e-01 9.496639900000000125e+03 1.135289999999999964e+03 9.000000000000000000e+00 1.268209900000000052e+05 6.245769299999999930e+03 -6.239480099999999766e+03 9.699789400000001478e+03 -9.733420099999999366e+03 -2.353940100000000166e+04 -9.754481499999999869e+03 8.968310000000000670e+00 1.389440000000000008e+00 9.028870000000000000e+06 5.736599900000000373e+06 1.362519900000000028e+01
              redesign_dl_10.0.dat 5.349999999999999938e-04 7.301630000000000065e-01 1.137339899999999943e+04 1.441450000000000045e+03 1.000000000000000000e+01 1.636450000000000000e+05 6.987814199999999801e+03 -5.212160100000000057e+03 1.161729999999999927e+04 -1.168089999999999964e+04 -2.920079999999999927e+04 -9.176170500000000175e+03 8.397520000000000095e+00 1.331299899999999869e+00 1.085790000000000000e+07 7.924720000000000000e+06 1.219649599999999978e+01
              redesign_dl_11.0.dat 2.020429800000000053e+00 7.733739899999999556e-01 1.344549899999999980e+04 1.488720000000000027e+03 1.100000000000000000e+01 1.571099899999999907e+05 -8.469512200000001030e+03 -5.677662000000000262e+03 1.340829999999999927e+04 -1.392789999999999964e+04 -3.035940100000000166e+04 -8.311254300000000512e+03 6.983129899999999779e+00 1.175259999999999971e+00 1.288840000000000000e+07 9.998840000000000000e+06 1.213919399999999982e+01
              redesign_dl_12.0.dat 7.098569699999999649e+00 7.735469999999999846e-01 1.348469500000000153e+04 1.176210000000000036e+03 1.200000000000000000e+01 1.245610000000000000e+05 -4.981901000000000749e+03 -6.548463399999999638e+03 1.345069900000000052e+04 -1.392920000000000073e+04 -2.407590100000000166e+04 -8.518301399999998466e+03 3.955539799999999939e+00 8.216799899999999157e-01 1.288710000000000000e+07 9.999020000000000000e+06 1.398419599999999896e+01
              redesign_dl_13.0.dat 9.958329799999999565e+00 7.735659999999999759e-01 1.345599899999999980e+04 1.030419900000000098e+03 1.300000000000000000e+01 1.102089400000000023e+05 -1.977021500000000060e+03 -6.969323300000000017e+03 1.350139999999999964e+04 -1.392579999999999927e+04 -2.093750400000000081e+04 -8.571982899999999063e+03 2.433660000000000156e+00 6.344610000000000527e-01 1.289060000000000000e+07 9.999070000000000000e+06 1.492609500000000011e+01
              redesign_dl_14.0.dat 1.218419900000000133e+01 7.735159999999999814e-01 1.340039899999999943e+04 9.311848699999999326e+02 1.400000000000000000e+01 9.958539099999998871e+04 -2.231952099999999973e+03 -7.295391200000000026e+03 1.347750000000000000e+04 -1.392800000000000000e+04 -1.864480999999999767e+04 -8.585771000000000640e+03 1.331970000000000098e+00 4.967339900000000141e-01 1.288890000000000000e+07 9.999000000000000000e+06 1.560960000000000036e+01
              redesign_dl_15.0.dat 1.412529999999999930e+01 7.734459999999999669e-01 1.333519900000000052e+04 8.564729999999999563e+02 1.500000000000000000e+01 9.321108400000000256e+04 5.781598099999999931e+02 -7.456252499999999600e+03 1.352339799999999923e+04 -1.392500100000000020e+04 -1.700430199999999968e+04 -8.599410499999999956e+03 4.380078800000000161e-01 3.844500000000000139e-01 1.289140000000000000e+07 9.999020000000000000e+06 1.615899899999999789e+01
              redesign_dl_16.0.dat 1.586129999999999995e+01 7.733569999999999611e-01 1.326600000000000000e+04 7.969129800000000614e+02 1.600000000000000000e+01 8.740519899999999325e+04 1.762738800000000083e+03 -7.591080100000000130e+03 1.353929899999999907e+04 -1.392529999999999927e+04 -1.567830099999999948e+04 -8.596720400000000154e+03 -3.189690499999999762e-01 2.878969900000000193e-01 1.289300000000000000e+07 9.998980000000000000e+06 1.662639800000000179e+01
              redesign_dl_17.0.dat 1.746669999999999945e+01 7.732550000000000257e-01 1.319039899999999943e+04 7.479689900000000762e+02 1.700000000000000000e+01 8.322419800000000396e+04 2.701412199999999757e+03 -7.687541199999999662e+03 1.354399899999999980e+04 -1.392610000000000036e+04 -1.457280199999999968e+04 -8.585820299999999406e+03 -9.805290300000000236e-01 2.019819999999999949e-01 1.289239900000000000e+07 9.998920000000000000e+06 1.703509999999999991e+01
              redesign_dl_18.0.dat 1.897180000000000177e+01 7.731510000000000327e-01 1.311369800000000032e+04 7.068929900000000544e+02 1.800000000000000000e+01 8.025609800000001269e+04 5.495208900000000540e+03 -7.704070099999999911e+03 1.357779899999999907e+04 -1.392570000000000073e+04 -1.363550100000000020e+04 -8.565381299999999101e+03 -1.573410299999999928e+00 1.249979900000000033e-01 1.289460000000000000e+07 9.998870000000000000e+06 1.739750000000000085e+01
              redesign_dl_19.0.dat 2.039139899999999983e+01 7.730270000000000197e-01 1.303039899999999943e+04 6.717189800000001014e+02 1.900000000000000000e+01 7.731989899999999034e+04 6.295204999999999927e+03 -7.726540899999999965e+03 1.357239899999999943e+04 -1.392839999999999964e+04 -1.282230099999999948e+04 -8.539730700000000070e+03 -2.112260000000000026e+00 5.505119900000000205e-02 1.289460000000000000e+07 9.998760000000000000e+06 1.772709800000000158e+01
              redesign_dl_20.0.dat 2.174739899999999793e+01 7.728859899999999117e-01 1.294459900000000016e+04 6.413228699999999662e+02 2.000000000000000000e+01 7.477699599999999919e+04 6.442538800000000265e+03 -7.731042199999999866e+03 1.356450000000000000e+04 -1.393300000000000000e+04 -1.210610300000000097e+04 -8.506581599999999526e+03 -2.607940099999999983e+00 -9.251742400000000435e-03 1.289360000000000000e+07 9.998540000000000000e+06 1.802649699999999910e+01
              redesign_dl_21.0.dat 2.305049999999999955e+01 7.727249999999999952e-01 1.285579799999999886e+04 6.148489100000000462e+02 2.100000000000000000e+01 7.290189199999999255e+04 7.273686099999999897e+03 -7.711974400000000060e+03 1.357019800000000032e+04 -1.393920000000000073e+04 -1.147150000000000000e+04 -8.466501399999999194e+03 -3.069430099999999939e+00 -6.904947100000000115e-02 1.289290000000000000e+07 9.998120000000000000e+06 1.830109500000000011e+01
              redesign_dl_22.0.dat 2.430859999999999843e+01 7.725559899999999702e-01 1.276399799999999959e+04 5.918409599999999955e+02 2.200000000000000000e+01 7.154393899999999849e+04 8.393876699999998891e+03 -7.679642400000000634e+03 1.358059900000000016e+04 -1.394910100000000057e+04 -1.091920000000000073e+04 -8.417780800000000454e+03 -3.498190099999999969e+00 -1.246220299999999948e-01 1.289220000000000000e+07 9.997530000000000000e+06 1.854879999999999995e+01
              redesign_dl_23.0.dat 2.552469999999999928e+01 7.723889999999999922e-01 1.266279899999999907e+04 5.714409900000000562e+02 2.300000000000000000e+01 7.041528399999999965e+04 9.215757300000001123e+03 -7.633980899999999565e+03 1.358489999999999964e+04 -1.396110000000000036e+04 -1.042230099999999948e+04 -8.359672200000000885e+03 -3.900050099999999631e+00 -1.767000199999999854e-01 1.289100000000000000e+07 9.996980000000000000e+06 1.877689800000000275e+01
              redesign_dl_24.0.dat 2.670370000000000132e+01 7.722360000000000335e-01 1.255849699999999939e+04 5.533619999999999663e+02 2.400000000000000000e+01 6.958539800000000105e+04 1.008531799999999930e+04 -7.568742299999999886e+03 1.358510000000000036e+04 -1.397460100000000057e+04 -9.975100400000001173e+03 -8.295840799999999945e+03 -4.279420000000000002e+00 -2.228100199999999975e-01 1.288970000000000000e+07 9.996430000000000000e+06 1.898809599999999875e+01
