Statistics: del4. Generated: 04/11/2021 15:38:35. No. files: 20.
                              File                       4                      10                      11                      13                      15                      19                      20                      22                      23                      27                      28                      29                      63                      66                      72                     102                     110
              redesign_dl_05.0.dat nan 1.376897492752291851e-04 4.843523104177783978e+01 2.506646301035918345e+00 nan 2.512383580639346405e+02 9.110143086623630779e+02 2.318804848654507680e+02 2.117129640867198503e+01 2.343094899271455755e+00 4.642886319767092687e+02 9.114116528310853028e+03 1.665925793631813923e-01 1.717752015078701303e-02 2.463640005544050837e+03 1.208094987645711171e+03 3.177793167327841672e+01
              redesign_dl_06.0.dat nan 1.668865838201687374e-04 7.119144864840025377e+01 3.675478160347145806e+00 nan 4.397005930177339224e+02 1.262682911054509304e+03 3.240336435399596553e+02 3.092734439896405974e+01 3.086931136477453208e+00 4.835019963019833540e+02 9.531204538170735759e+03 1.958318479521426458e-01 1.983609417152550070e-02 3.264069360000906727e+03 1.890890580289130639e+03 3.360994948020250206e+01
              redesign_dl_07.0.dat nan 1.832893136121182620e-04 9.552573303726784104e+01 4.987646298920751953e+00 nan 8.545448756606757570e+02 2.355063309182296962e+03 4.269143817121435518e+02 5.633397362517529672e+01 4.251490656489921527e+00 5.060386358660951487e+02 9.876611291742665344e+03 2.229226268162408930e-01 2.247616109015818792e-02 3.387775602400886328e+03 2.292376429157241546e+03 3.532730954151988811e+01
              redesign_dl_08.0.dat nan 2.284139935429229924e-04 1.340225438467440995e+02 6.904829777113761224e+00 nan 7.214255143053626398e+02 2.805576677231683334e+03 5.274699227623214028e+02 5.448329816730821307e+01 1.067326777213875211e+01 5.175130763681063399e+02 1.030510208592088929e+04 2.618094427176539396e-01 2.659102532167154781e-02 1.005658179394743456e+04 7.788431974748570610e+03 3.701791428538714257e+01
              redesign_dl_09.0.dat nan 2.747670225873109621e-04 1.822888362790648387e+02 9.332624617994943250e+00 nan 7.029800467096627017e+02 2.363712439590631675e+03 6.179179163781661828e+02 5.141788943419489044e+01 1.116473640769062037e+01 5.393743988049095606e+02 1.062175289545921078e+04 3.134791956724672923e-01 3.083851369749116347e-02 9.919006724701932399e+03 8.570152230571753535e+03 3.862774197294796608e+01
              redesign_dl_10.0.dat nan 3.439415845089250452e-04 2.499384699196096449e+02 1.321210565281802829e+01 nan 9.231863319567311237e+02 3.299641864754905782e+03 7.713115347804450721e+02 7.816779398517358857e+01 1.079199464963316224e+01 5.651027018460744102e+02 1.103989962296014710e+04 3.944591506133658387e-01 3.838994193501370222e-02 nan 6.089754255149549863e+03 4.068871026578224104e+01
              redesign_dl_11.0.dat 2.002666595709529929e-01 6.234359994124748531e-04 3.823455926858979979e+02 1.963035696852373846e+01 nan 1.465887036196550434e+04 2.217736879539024085e+04 1.134650938293141508e+03 5.177766229433465242e+02 3.612929914960609779e+01 7.866812044999829823e+02 1.105759202793391523e+04 4.634401209509120823e-01 4.864748841600344265e-02 3.095164988080450348e+04 1.314234667929791613e+03 4.136974677658181321e+01
              redesign_dl_12.0.dat 1.403078907218819060e-01 4.663081052419986773e-04 3.395461800377074155e+02 1.957732913639391015e+01 nan 1.078586058487515947e+04 1.949093866234847155e+04 1.033112914147119227e+03 4.508814496734185013e+02 3.561706362176104790e+01 6.871375543958789649e+02 1.120247986004404629e+04 3.753505989484358651e-01 4.157741091951731860e-02 3.145985203214156354e+04 1.062732386123181413e+03 4.045391901472254403e+01
              redesign_dl_13.0.dat 1.001858989729415839e-01 4.910624909015787274e-04 3.650416505186828999e+02 2.020924698662769714e+01 nan 7.795302945515917600e+03 1.547732268413261590e+04 1.045056662489417022e+03 3.567039101374028292e+02 3.163804128303562280e+01 6.854738918743314571e+02 1.121168019650258066e+04 3.886070524191630460e-01 4.299219929724554939e-02 2.748551453077255064e+04 9.539645279335542227e+02 3.993758679815267243e+01
              redesign_dl_14.0.dat 8.913470000414655536e-02 5.613987637431174221e-04 4.091870173451036408e+02 2.142484126031321878e+01 nan 7.010818236654711654e+03 1.491032638425449113e+04 1.111054761608411809e+03 3.437478657294907407e+02 3.286846881018303890e+01 7.098777495892921934e+02 1.116808575713356004e+04 3.806414576399793637e-01 4.373239877369687612e-02 2.815470486086474921e+04 1.007449696967416799e+03 3.958967314310343966e+01
              redesign_dl_15.0.dat 6.816288409733502196e-02 6.447594473549375562e-04 4.566740531960018643e+02 2.244307649974717478e+01 nan 5.265654142004473215e+03 1.179196398447627325e+04 1.140198075125897049e+03 2.713302927957974475e+02 3.053600674283774907e+01 7.619705817058612638e+02 1.115868588087635362e+04 3.765520132137523679e-01 4.349590713234601641e-02 2.529988963459103252e+04 9.869418821517537026e+02 3.933384705556593275e+01
              redesign_dl_16.0.dat 5.793178340779353563e-02 7.382939615921054214e-04 5.091317219497140059e+02 2.366927680309966320e+01 nan 4.476917877362613581e+03 1.023805782698696748e+04 1.192050903964960526e+03 2.340259026350049680e+02 2.993182418628435570e+01 8.194188799989387917e+02 1.113225022101376635e+04 3.847320909953523271e-01 4.538464310662473217e-02 2.420456343047483097e+04 1.043871035033675525e+03 3.905926482214081830e+01
              redesign_dl_17.0.dat 5.160425262340029295e-02 8.414124504485643403e-04 5.668838279788717500e+02 2.493177986500715448e+01 nan 3.867539018064991524e+03 9.101403294182700847e+03 1.244019000167112836e+03 2.056116467382491919e+02 3.137444488205039761e+01 8.986300608542589998e+02 1.108249714533464066e+04 3.989107145410904498e-01 4.786516891361657089e-02 2.464668354934899253e+04 1.144453905210419862e+03 3.886384557183975375e+01
              redesign_dl_18.0.dat 4.209867620462422189e-02 9.554857263413080127e-04 6.268707489775182466e+02 2.625710546365280251e+01 nan 2.898116060645440484e+03 6.749506091201247727e+03 1.289706342947083158e+03 1.548985633845767893e+02 3.179912339992436898e+01 9.904903729752991239e+02 1.102700345656289210e+04 4.112985689084149854e-01 5.038570019832629143e-02 2.362623782388456675e+04 1.257365248922102410e+03 3.868137884836242790e+01
              redesign_dl_19.0.dat 3.945241385684492008e-02 1.085116855912442602e-03 6.935322948251422304e+02 2.770498075423024176e+01 nan 2.575587302601838928e+03 6.041619589170019026e+03 1.346369171849649319e+03 1.401120239884391481e+02 3.506892162276051295e+01 1.093895172210196961e+03 1.096835359146153314e+04 4.281443110718298195e-01 5.316000912462203604e-02 2.478192706974139946e+04 1.525165732980531857e+03 3.849845805034610180e+01
              redesign_dl_20.0.dat 3.850484258910811391e-02 1.233067619146643043e-03 7.656366802931161146e+02 2.941714251221559095e+01 nan 2.439522242844032462e+03 5.680876242307117536e+03 1.406086686050619392e+03 1.307050544891565380e+02 3.948086473362697291e+01 1.201912659087424345e+03 1.090685189644739512e+04 4.550175867418105868e-01 5.651880421315475661e-02 2.678054068312006711e+04 1.809526029774076733e+03 3.833379918342786397e+01
              redesign_dl_21.0.dat 3.723977138915364471e-02 1.395769904893763916e-03 8.471706358044782519e+02 3.098451276340176719e+01 nan 2.226712018727313080e+03 4.900605076418251883e+03 1.466843031224625975e+03 1.114266923792779949e+02 4.649350852721347849e+01 1.322953677597346086e+03 1.083989588697534236e+04 4.814990113662703797e-01 5.983431743191644503e-02 2.891820505457920808e+04 2.364025402814285826e+03 3.818465502949756285e+01
              redesign_dl_22.0.dat 3.656704101723168288e-02 1.566557460972346338e-03 9.291391142882634995e+02 3.268000769516697090e+01 nan 2.041054472566272807e+03 4.010267149106704437e+03 1.524697858501460587e+03 8.874382377075600914e+01 5.631526277626172572e+01 1.444573158795872587e+03 1.076497225613640694e+04 5.112896902381076636e-01 6.348460830075668138e-02 3.127720728463762862e+04 3.195047157130701180e+03 3.805603545508089525e+01
              redesign_dl_23.0.dat 3.703884374704188853e-02 1.739828854267006430e-03 1.020834303007253880e+03 3.444472518042420006e+01 nan 2.003926443254021251e+03 3.419315742272194257e+03 1.583602700903179311e+03 7.220753249432138432e+01 6.791204044064625123e+01 1.563818382722028673e+03 1.067886127577983279e+04 5.426816417717781338e-01 6.745263947881434408e-02 3.419798183235675970e+04 4.164357970558869056e+03 3.793918775148116396e+01
              redesign_dl_24.0.dat 3.809475506752763030e-02 1.901501660127104341e-03 1.113725295475210260e+03 3.637327685295934998e+01 nan 2.043942697575640523e+03 3.018196221180748125e+03 1.632662065805738621e+03 5.959465505724928391e+01 8.097376922935815458e+01 1.693891661418758076e+03 1.058579157362258593e+04 5.754691280097937733e-01 7.007486472507407083e-02 3.772809430744525889e+04 5.097737648678943515e+03 3.784126061080103653e+01
