Statistics: p99. Generated: 04/11/2021 15:38:35. No. files: 20.
                              File                       4                      10                      11                      13                      15                      19                      20                      22                      23                      27                      28                      29                      63                      66                      72                     102                     110
              redesign_dl_05.0.dat 5.349999999999999938e-04 3.537270000000000136e-01 3.038700100000000020e+03 3.591159999999999854e+02 5.000000000000000000e+00 3.315940099999999802e+04 4.185520600000000741e+03 -8.354680000000000291e+03 3.054970999999999549e+03 -3.004780000000000200e+03 -7.434509900000000016e+03 1.322920200000000114e+04 9.866280200000000278e+00 1.481870000000000021e+00 2.800340000000000000e+06 9.905870000000000000e+05 8.220563899999999080e+01
              redesign_dl_06.0.dat 5.349999999999999938e-04 4.244729999999999892e-01 4.376109999999999673e+03 5.166660000000000537e+02 6.000000000000000000e+00 5.211450200000000041e+04 5.912350500000000466e+03 -7.692769900000000234e+03 4.401970200000000659e+03 -4.327680000000000291e+03 -1.044939999999999964e+04 1.361360000000000036e+04 9.834750399999999004e+00 1.478569999999999940e+00 4.032690000000000000e+06 1.711770000000000000e+06 8.208017499999998279e+01
              redesign_dl_07.0.dat 5.349999999999999938e-04 4.951409999999999978e-01 5.951070099999999911e+03 7.019260000000000446e+02 7.000000000000000000e+00 7.464100400000000081e+04 8.654886199999999008e+03 -6.920419899999999870e+03 6.001500399999999900e+03 -5.889409999999999854e+03 -1.395810000000000036e+04 1.397010000000000036e+04 9.769710200000000455e+00 1.472010000000000041e+00 5.486510000000000000e+06 2.716380000000000000e+06 8.195672899999999572e+01
              redesign_dl_08.0.dat 5.349999999999999938e-04 5.656470000000000109e-01 7.770119999999999891e+03 9.141319999999999482e+02 8.000000000000000000e+00 1.000130000000000000e+05 1.124705699999999160e+04 -6.066929900000000089e+03 7.804430800000000090e+03 -7.679699799999999414e+03 -1.794470000000000073e+04 1.450200000000000000e+04 9.730140099999999848e+00 1.467700100000000063e+00 7.166160200000000186e+06 4.054600100000000093e+06 8.180361899999999764e+01
              redesign_dl_09.0.dat 5.349999999999999938e-04 6.358979999999999633e-01 9.819729999999999563e+03 1.151829999999999927e+03 9.000000000000000000e+00 1.282120000000000000e+05 1.238090399999999863e+04 -5.144769900000000234e+03 9.829890499999999520e+03 -9.709360000000000582e+03 -2.229329899999999907e+04 1.507379999999999927e+04 9.682851199999999992e+00 1.460340100000000030e+00 9.053050000000000000e+06 5.757230099999999627e+06 8.162511600000000556e+01
              redesign_dl_10.0.dat 5.349999999999999938e-04 7.307510000000000394e-01 1.180160000000000036e+04 1.464140000000000100e+03 1.000000000000000000e+01 1.654220000000000000e+05 1.529493999999999323e+04 -3.888299800000000232e+03 1.180970000000000073e+04 -1.166479999999999927e+04 -2.796909999999999854e+04 1.573740099999999984e+04 9.272172399999998760e+00 1.416690499999999853e+00 1.085790000000000000e+07 7.937850000000000000e+06 8.139020799999998701e+01
              redesign_dl_11.0.dat 2.432690299999999972e+00 7.747100000000000097e-01 1.419170100000000093e+04 1.526820099999999911e+03 1.100000000000000000e+01 1.857060000000000000e+05 3.526890600000000268e+04 -3.373049899999999980e+03 1.442770000000000073e+04 -1.385689899999999943e+04 -2.853719900000000052e+04 1.625439999999999964e+04 8.020761399999999597e+00 1.284770199999999862e+00 1.295140000000000000e+07 1.000120000000000000e+07 8.136690299999999354e+01
              redesign_dl_12.0.dat 7.388090199999999719e+00 7.745140000000000358e-01 1.410620000000000073e+04 1.213569999999999936e+03 1.200000000000000000e+01 1.451190100000000093e+05 3.197000699999999779e+04 -4.487717200000000958e+03 1.431889999999999964e+04 -1.385519900000000052e+04 -2.238689800000000105e+04 1.635840099999999984e+04 4.767310100000000439e+00 9.148151100000000424e-01 1.295330000000000000e+07 1.000110000000000000e+07 8.165841999999999246e+01
              redesign_dl_13.0.dat 1.017450099999999935e+01 7.744820000000000038e-01 1.408660000000000036e+04 1.067829999999999927e+03 1.300000000000000000e+01 1.258950399999999936e+05 2.909220400000000154e+04 -4.926519000000000233e+03 1.422320000000000073e+04 -1.385870000000000073e+04 -1.933919800000000032e+04 1.631280099999999948e+04 3.278893299999999567e+00 7.286211099999999607e-01 1.294940000000000000e+07 1.000100000000000000e+07 8.181400399999999706e+01
              redesign_dl_14.0.dat 1.238470000000000049e+01 7.745239999999999903e-01 1.409479999999999927e+04 9.706110099999999647e+02 1.400000000000000000e+01 1.143530099999999948e+05 2.939610699999999633e+04 -5.139279500000001462e+03 1.421279999999999927e+04 -1.385699899999999980e+04 -1.715770000000000073e+04 1.624810100000000057e+04 2.149520799999999898e+00 5.931430599999999442e-01 1.295150000000000000e+07 1.000100000000000000e+07 8.191905999999998755e+01
              redesign_dl_15.0.dat 1.428389999999999915e+01 7.745859999999999967e-01 1.411800000000000000e+04 8.967440300000000661e+02 1.500000000000000000e+01 1.045820399999999936e+05 2.671141999999998006e+04 -5.300098400000000765e+03 1.412820100000000093e+04 -1.385889799999999923e+04 -1.544629899999999907e+04 1.619320000000000073e+04 1.241990799999999728e+00 4.814650199999999658e-01 1.294810100000000000e+07 1.000100000000000000e+07 8.199881799999999998e+01
              redesign_dl_16.0.dat 1.599840099999999943e+01 7.746560000000000112e-01 1.414160000000000036e+04 8.390010099999999511e+02 1.600000000000000000e+01 9.758351600000000326e+04 2.552381799999999566e+04 -5.375106999999999971e+03 1.407629999999999927e+04 -1.386020000000000073e+04 -1.397529999999999927e+04 1.612100000000000000e+04 5.064690999999998944e-01 3.892160100000000011e-01 1.294730000000000000e+07 1.000100000000000000e+07 8.206202899999999545e+01
              redesign_dl_17.0.dat 1.759030100000000019e+01 7.747300000000000297e-01 1.416450000000000000e+04 7.916940399999999727e+02 1.700000000000000000e+01 9.211687199999998847e+04 2.449098499999997148e+04 -5.397938699999999699e+03 1.403139999999999964e+04 -1.385960000000000036e+04 -1.266949600000000100e+04 1.603410100000000057e+04 -1.223279000000000172e-01 3.094880199999999748e-01 1.294720000000000000e+07 1.000100000000000000e+07 8.212016299999997671e+01
              redesign_dl_18.0.dat 1.907379999999999853e+01 7.748059999999999947e-01 1.418410100000000057e+04 7.523330099999999447e+02 1.800000000000000000e+01 8.700593299999998999e+04 2.216660199999999895e+04 -5.399149300000000039e+03 1.395839999999999964e+04 -1.386110000000000036e+04 -1.150639799999999923e+04 1.593739999999999964e+04 -6.775859400000000532e-01 2.375200699999999998e-01 1.294530000000000000e+07 1.000110000000000000e+07 8.216820299999999122e+01
              redesign_dl_19.0.dat 2.048620000000000019e+01 7.748979999999999757e-01 1.421530099999999948e+04 7.196480599999999868e+02 1.900000000000000000e+01 8.335100100000000384e+04 2.153872399999999834e+04 -5.346626300000000811e+03 1.392680099999999948e+04 -1.385970000000000073e+04 -1.044959600000000137e+04 1.583620100000000093e+04 -1.172189900000000007e+00 1.733181499999999764e-01 1.294710100000000000e+07 1.000130000000000000e+07 8.221626399999999535e+01
              redesign_dl_20.0.dat 2.183770100000000269e+01 7.749939999999999607e-01 1.425330099999999948e+04 6.917440199999999777e+02 2.000000000000000000e+01 8.049801799999999639e+04 2.120191300000000047e+04 -5.266831500000001142e+03 1.389750100000000020e+04 -1.385789999999999964e+04 -9.479938600000001315e+03 1.573270100000000093e+04 -1.613058900000000184e+00 1.157870499999999886e-01 1.294880100000000000e+07 1.000150000000000000e+07 8.226291600000000415e+01
              redesign_dl_21.0.dat 2.313439999999999941e+01 7.750989999999999824e-01 1.429390200000000004e+04 6.678040099999999484e+02 2.100000000000000000e+01 7.801951799999999639e+04 2.031274999999999272e+04 -5.168105900000000474e+03 1.385339999999999964e+04 -1.385629899999999907e+04 -8.582039700000001176e+03 1.562370200000000114e+04 -2.013229300000000332e+00 6.345222400000000151e-02 1.294990000000000000e+07 1.000190000000000000e+07 8.229721899999999835e+01
              redesign_dl_22.0.dat 2.438609999999999900e+01 7.752080000000000082e-01 1.433880099999999948e+04 6.473110100000000102e+02 2.200000000000000000e+01 7.601720100000000093e+04 1.924391400000000067e+04 -5.063658500000000458e+03 1.380450100000000020e+04 -1.385409900000000016e+04 -7.758228699999999662e+03 1.550589999999999964e+04 -2.377029900000000140e+00 1.580381499999999884e-02 1.295120000000000000e+07 1.000240000000000000e+07 8.232784199999998975e+01
              redesign_dl_23.0.dat 2.559929999999999950e+01 7.753269999999999884e-01 1.438710000000000036e+04 6.297850099999999429e+02 2.300000000000000000e+01 7.454281699999999546e+04 1.845610199999999895e+04 -4.937459300000000439e+03 1.376290299999999843e+04 -1.384839999999999964e+04 -6.983329200000000128e+03 1.538050100000000020e+04 -2.711500000000000021e+00 -2.802407300000000351e-02 1.295280000000000000e+07 1.000320000000000000e+07 8.235913499999999487e+01
              redesign_dl_24.0.dat 2.677680100000000252e+01 7.754459999999999686e-01 1.443639999999999964e+04 6.146130300000000943e+02 2.400000000000000000e+01 7.349350299999999697e+04 1.775076299999999173e+04 -4.793027399999999943e+03 1.372350100000000020e+04 -1.384089999999999964e+04 -6.250149799999999232e+03 1.524550100000000020e+04 -3.021469799999999761e+00 -6.867739200000000377e-02 1.295530000000000000e+07 1.000390000000000000e+07 8.239300299999999311e+01
