Statistics: std. Generated: 04/11/2021 15:38:35. No. files: 20.
                              File                       4                      10                      11                      13                      15                      19                      20                      22                      23                      27                      28                      29                      63                      66                      72                     102                     110
              redesign_dl_05.0.dat 0.000000000000000000e+00 8.913047931766933146e-05 2.827496271318772258e+01 1.489007381833809873e+00 0.000000000000000000e+00 1.390069060887601324e+02 5.288591763442999536e+02 1.094179024144065977e+02 1.213712967689641964e+01 1.411770465152800247e+00 4.300365380052606952e+02 8.694766053020635809e+03 1.189586532634411137e-01 1.231515149231774721e-02 1.512780400337074752e+03 7.457798616743934872e+02 2.090601996339842827e+01
              redesign_dl_06.0.dat 0.000000000000000000e+00 1.039561403621611628e-04 3.910896170080157219e+01 2.072921296516042400e+00 0.000000000000000000e+00 2.431088265662880303e+02 7.216856736609778409e+02 1.501491511206155280e+02 1.739125467584946705e+01 1.752875733027303484e+00 4.102918834651848101e+02 8.749486112712682370e+03 1.385227376006489541e-01 1.430964406444058812e-02 1.899146610485812516e+03 1.108303580251818858e+03 2.110809684425824173e+01
              redesign_dl_07.0.dat 0.000000000000000000e+00 1.049581832578926326e-04 4.825021791647440494e+01 2.595121168766209685e+00 0.000000000000000000e+00 5.115645844792060757e+02 1.413693619744142779e+03 1.993007943697154758e+02 3.354985317734556105e+01 2.160146981207473171e+00 4.038449368311673879e+02 8.793766051765654993e+03 1.626774240952538197e-01 1.674769417774846225e-02 1.934676143741892474e+03 1.289142948888039427e+03 2.129714793636188119e+01
              redesign_dl_08.0.dat 0.000000000000000000e+00 1.293773560163342972e-04 6.225836073194253828e+01 3.368496734239628587e+00 0.000000000000000000e+00 4.522787372397324930e+02 1.561093378279121907e+03 2.497139888932200336e+02 2.907261812110656862e+01 5.860198362901972047e+00 4.059533111257154019e+02 8.768994097202632474e+03 1.905133300926735718e-01 1.963113561990337264e-02 5.942366767011187221e+03 4.550465737252726285e+03 2.156444930868837417e+01
              redesign_dl_09.0.dat 0.000000000000000000e+00 1.467709549910246067e-04 8.161596254660841510e+01 4.379613636472400096e+00 0.000000000000000000e+00 3.444374107889559582e+02 1.330617600078044234e+03 2.999380944534859168e+02 2.746820257948304800e+01 5.560145159158143002e+00 4.168458622366422901e+02 8.769755124346806042e+03 2.217896445559279783e-01 2.285579012870023186e-02 5.670359631049515883e+03 4.803641356772354811e+03 2.183442246456472091e+01
              redesign_dl_10.0.dat 0.000000000000000000e+00 1.654012117524835735e-04 1.072516740193755567e+02 5.923351955986891682e+00 0.000000000000000000e+00 4.017068967089032867e+02 1.911740975087871448e+03 3.823799001014531882e+02 4.362112850906054717e+01 3.968424184203992233e+00 4.187799372890134464e+02 8.770739620742426268e+03 2.527178110262670585e-01 2.568312433858368701e-02 0.000000000000000000e+00 2.979043564386227445e+03 2.218243096464675901e+01
              redesign_dl_11.0.dat 1.304463012817561884e-01 3.417344590474308773e-04 1.656343425643661078e+02 8.616803642743635194e+00 0.000000000000000000e+00 9.584483624354641506e+03 1.457423070746519079e+04 5.275992411975129244e+02 3.369334442259822708e+02 2.057882966587203910e+01 4.660099568665930292e+02 8.793873277390137446e+03 2.706009012410830472e-01 2.998258038693874666e-02 1.947116984841370504e+04 5.866850413073015034e+02 2.217491495861477446e+01
              redesign_dl_12.0.dat 9.114093670898448796e-02 2.319738033867132035e-04 1.462449412723612738e+02 8.780353509553572522e+00 0.000000000000000000e+00 7.049467566415605688e+03 1.287161006605173861e+04 4.921311831394377236e+02 2.955116029273808635e+02 2.123069412135116707e+01 4.218479920357178798e+02 8.781904861738457839e+03 2.419047914453359704e-01 2.797179709386139052e-02 1.988829279515904273e+04 5.518501878623853827e+02 2.172930257481499439e+01
              redesign_dl_13.0.dat 6.391571841124388254e-02 2.420803140368089131e-04 1.619445120464163779e+02 9.176511067550617184e+00 0.000000000000000000e+00 5.018299847984174448e+03 1.014478595048314673e+04 4.966668911566821407e+02 2.320102136889613291e+02 1.829753951961233227e+01 4.257490307122118338e+02 8.775103054567041909e+03 2.382986062539105276e-01 2.834825476031348213e-02 1.689939300742411433e+04 4.870213359433034270e+02 2.152646730452225654e+01
              redesign_dl_14.0.dat 5.589254704362984355e-02 2.770742419369537444e-04 1.841065263956253659e+02 9.782311997380668700e+00 0.000000000000000000e+00 4.440659876477167018e+03 9.693931917187272120e+03 5.284684260236517730e+02 2.210042856271089704e+02 1.857907586649495357e+01 4.511182518709424585e+02 8.738439656253518478e+03 2.436171849238914500e-01 2.956128531727720415e-02 1.696216863776489481e+04 5.053896143964079783e+02 2.135715163085530577e+01
              redesign_dl_15.0.dat 4.145043858328853470e-02 3.165339844563931681e-04 2.077409048101062012e+02 1.031664758428342665e+01 0.000000000000000000e+00 3.258564857356760967e+03 7.562054494456217071e+03 5.458254206206123627e+02 1.720387830247557304e+02 1.601947549174987628e+01 4.934739259555980766e+02 8.701111270518953461e+03 2.499606496058025540e-01 3.027354322052108054e-02 1.427686729389889661e+04 4.738069177882484269e+02 2.119862447241127867e+01
              redesign_dl_16.0.dat 3.410904290276112888e-02 3.574766325102104038e-04 2.335430417496157816e+02 1.096051358321207303e+01 0.000000000000000000e+00 2.636153212065134085e+03 6.414683307794433858e+03 5.735633129567322612e+02 1.455230306468291417e+02 1.521901727378939206e+01 5.443603458247067692e+02 8.675375041754963604e+03 2.593845609565662569e-01 3.180944424183125563e-02 1.320862870898792244e+04 4.894314315077751871e+02 2.110376086594811085e+01
              redesign_dl_17.0.dat 2.951692375257965184e-02 4.033917412794172036e-04 2.608520955343827836e+02 1.160767899503895606e+01 0.000000000000000000e+00 2.202643091734707014e+03 5.591015786412511261e+03 6.009508424094199199e+02 1.264481674766874590e+02 1.517443057336831558e+01 6.005827151827568287e+02 8.643657045160382040e+03 2.718876310247460015e-01 3.404043717757478105e-02 1.275024815711051269e+04 5.310915266119391163e+02 2.098140975525431173e+01
              redesign_dl_18.0.dat 2.359605728818060452e-02 4.527986942070281497e-04 2.899479712642803975e+02 1.226668806207628215e+01 0.000000000000000000e+00 1.580052724520188349e+03 4.045678066038074576e+03 6.250989783519710272e+02 9.105593938266397913e+01 1.466652394304458973e+01 6.661248472696390763e+02 8.603370564082018973e+03 2.875676077744962478e-01 3.604567105535372296e-02 1.162900759978683709e+04 5.743028838894595083e+02 2.087982722122606560e+01
              redesign_dl_19.0.dat 2.206490685527360759e-02 5.100836297347332605e-04 3.222696958119766464e+02 1.300280388401175458e+01 0.000000000000000000e+00 1.363078030679460880e+03 3.504040258121549869e+03 6.524179244070985533e+02 7.836373980764318503e+01 1.583537577381652284e+01 7.401747673904169460e+02 8.556210615869411413e+03 3.052723137037020584e-01 3.832233529085750379e-02 1.204855586532987945e+04 6.639099274327428475e+02 2.080679726649500338e+01
              redesign_dl_20.0.dat 2.165233141856495735e-02 5.736940227632647158e-04 3.571942032135962677e+02 1.378542863424905818e+01 0.000000000000000000e+00 1.248398843681007293e+03 3.196190821141640299e+03 6.805345571399433311e+02 7.085960503077740213e+01 1.747326780562167770e+01 8.217744383383063678e+02 8.500157860417886695e+03 3.248465534356054785e-01 4.085111639061787814e-02 1.290012112563192204e+04 7.620579079827200530e+02 2.073970730867286605e+01
              redesign_dl_21.0.dat 2.130353441379565296e-02 6.458929628283309682e-04 3.955330784934665758e+02 1.464688441950437614e+01 0.000000000000000000e+00 1.111609134876336157e+03 2.687785163790469596e+03 7.099989055502023803e+02 5.851702363059808931e+01 1.947836504126500756e+01 9.090230018723550529e+02 8.436671076334754616e+03 3.461252349762458658e-01 4.360562962801891457e-02 1.385143474797827548e+04 8.884896038782615051e+02 2.067485226930409681e+01
              redesign_dl_22.0.dat 2.134793556068360909e-02 7.219527535820887548e-04 4.360817574407384996e+02 1.554560148261698593e+01 0.000000000000000000e+00 1.005081918826464516e+03 2.161386373424754765e+03 7.376261564469466521e+02 4.514168819347560202e+01 2.196185185615275159e+01 9.972654856851692102e+02 8.366629095672644326e+03 3.690060622736299756e-01 4.656519010219765942e-02 1.500536206886058426e+04 1.080564547824885949e+03 2.061311329643904955e+01
              redesign_dl_23.0.dat 2.197956675160817747e-02 8.018766542891991866e-04 4.803780215808430967e+02 1.653827293916067731e+01 0.000000000000000000e+00 9.901938494669443571e+02 1.839097699785384293e+03 7.659039435748809410e+02 3.580138281271793943e+01 2.465701726137814731e+01 1.092328188698991198e+03 8.290350552939200497e+03 3.927121856974995495e-01 4.964446630239635616e-02 1.640165351795665629e+04 1.324242086657873870e+03 2.055251686687431700e+01
              redesign_dl_24.0.dat 2.274221818165446038e-02 8.795358667105962784e-04 5.256893780284474360e+02 1.751436459501274001e+01 0.000000000000000000e+00 1.010785177732253715e+03 1.644286405467074474e+03 7.941699670100601907e+02 2.897394492139274291e+01 2.738204467428199251e+01 1.193575427784107887e+03 8.205718452294027884e+03 4.180200994165222950e-01 5.223870259147487399e-02 1.783070917451055720e+04 1.588507953533440741e+03 2.048924728108596582e+01
