Statistics: min. Generated: 04/11/2021 15:38:35. No. files: 20.
                              File                       4                      10                      11                      13                      15                      19                      20                      22                      23                      27                      28                      29                      63                      66                      72                     102                     110
              redesign_dl_05.0.dat 5.349999999999999938e-04 3.534189999999999832e-01 2.938570000000000164e+03 3.539239999999999782e+02 5.000000000000000000e+00 3.254900000000000000e+04 1.512720000000000027e+03 -8.833059999999999491e+03 2.997019999999999982e+03 -3.011519999999999982e+03 -8.694209999999999127e+03 -1.151660000000000036e+04 9.423170000000000712e+00 1.436609999999999943e+00 2.793890000000000000e+06 9.874150000000000000e+05 1.736090000000000089e+01
              redesign_dl_06.0.dat 5.349999999999999938e-04 4.241380000000000150e-01 4.235170000000000073e+03 5.093960000000000150e+02 6.000000000000000000e+00 5.110040000000000146e+04 2.175050000000000182e+03 -8.333569999999999709e+03 4.313020000000000437e+03 -4.336380000000000109e+03 -1.169579999999999927e+04 -1.118389999999999964e+04 9.331139999999999546e+00 1.427340000000000053e+00 4.023440000000000000e+06 1.706450000000000000e+06 1.658840000000000003e+01
              redesign_dl_07.0.dat 5.349999999999999938e-04 4.947909999999999808e-01 5.768430000000000291e+03 6.923869999999999436e+02 7.000000000000000000e+00 7.280660000000000582e+04 2.422500000000000000e+03 -7.729520000000000437e+03 5.858670000000000073e+03 -5.900130000000000109e+03 -1.520929999999999927e+04 -1.065439999999999964e+04 9.220159999999999911e+00 1.415910000000000002e+00 5.477180000000000000e+06 2.710090000000000000e+06 1.569490000000000052e+01
              redesign_dl_08.0.dat 5.349999999999999938e-04 5.652209999999999734e-01 7.521270000000000437e+03 9.013440000000000509e+02 8.000000000000000000e+00 9.837439999999999418e+04 3.147920000000000073e+03 -7.039569999999999709e+03 7.648000000000000000e+03 -7.706810000000000400e+03 -1.919479999999999927e+04 -1.031170000000000073e+04 9.104329999999999146e+00 1.403629999999999933e+00 7.139630000000000000e+06 4.034120000000000000e+06 1.469340000000000046e+01
              redesign_dl_09.0.dat 5.349999999999999938e-04 6.353980000000000183e-01 9.490629999999999200e+03 1.135019999999999982e+03 9.000000000000000000e+00 1.266270000000000000e+05 5.629699999999999818e+03 -6.253539999999999964e+03 9.680969999999999345e+03 -9.737850000000000364e+03 -2.354750000000000000e+04 -9.766389999999999418e+03 8.962109999999999133e+00 1.388770000000000060e+00 9.026430000000000000e+06 5.734280000000000000e+06 1.359270000000000067e+01
              redesign_dl_10.0.dat 5.349999999999999938e-04 7.301170000000000160e-01 1.136520000000000073e+04 1.441049999999999955e+03 1.000000000000000000e+01 1.634080000000000000e+05 6.292350000000000364e+03 -5.229210000000000036e+03 1.159600000000000000e+04 -1.168110000000000036e+04 -2.921279999999999927e+04 -9.191629999999999200e+03 8.391170000000000684e+00 1.330640000000000045e+00 1.085790000000000000e+07 7.921840000000000000e+06 1.215809999999999924e+01
              redesign_dl_11.0.dat 2.005830000000000002e+00 7.732980000000000409e-01 1.338179999999999927e+04 1.485950000000000045e+03 1.100000000000000000e+01 1.565410000000000000e+05 -9.249159999999999854e+03 -5.742060000000000400e+03 1.337620000000000073e+04 -1.393379999999999927e+04 -3.038920000000000073e+04 -8.376100000000000364e+03 6.974700000000000344e+00 1.174230000000000107e+00 1.288590000000000000e+07 9.998690000000000000e+06 1.198739999999999917e+01
              redesign_dl_12.0.dat 7.093479999999999563e+00 7.735159999999999814e-01 1.345079999999999927e+04 1.174200000000000045e+03 1.200000000000000000e+01 1.241210000000000000e+05 -5.377890000000000327e+03 -6.586069999999999709e+03 1.343479999999999927e+04 -1.393270000000000073e+04 -2.412409999999999854e+04 -8.551120000000000800e+03 3.948319999999999830e+00 8.207440000000000291e-01 1.288520000000000000e+07 9.998870000000000000e+06 1.386229999999999940e+01
              redesign_dl_13.0.dat 9.953089999999999549e+00 7.735419999999999519e-01 1.343479999999999927e+04 1.028329999999999927e+03 1.300000000000000000e+01 1.095020000000000000e+05 -3.007389999999999873e+03 -7.030199999999999818e+03 1.348939999999999964e+04 -1.392989999999999964e+04 -2.097840000000000146e+04 -8.595959999999999127e+03 2.431919999999999860e+00 6.341440000000000410e-01 1.288720000000000000e+07 9.998920000000000000e+06 1.482440000000000069e+01
              redesign_dl_14.0.dat 1.217919999999999980e+01 7.734860000000000069e-01 1.338360000000000036e+04 9.287989999999999782e+02 1.400000000000000000e+01 9.908580000000000291e+04 -3.697710000000000036e+03 -7.379680000000000291e+03 1.345739999999999964e+04 -1.393289999999999964e+04 -1.874550000000000000e+04 -8.614319999999999709e+03 1.330529999999999990e+00 4.964749999999999996e-01 1.288490000000000000e+07 9.998780000000000000e+06 1.551399999999999935e+01
              redesign_dl_15.0.dat 1.411299999999999955e+01 7.734180000000000499e-01 1.331310000000000036e+04 8.545919999999999845e+02 1.500000000000000000e+01 9.252069999999999709e+04 -5.901730000000000018e+02 -7.508640000000000327e+03 1.349339999999999964e+04 -1.393250000000000000e+04 -1.708579999999999927e+04 -8.627079999999999927e+03 4.372199999999999975e-01 3.842849999999999877e-01 1.288790000000000000e+07 9.998860000000000000e+06 1.608480000000000132e+01
              redesign_dl_16.0.dat 1.585730000000000040e+01 7.733290000000000441e-01 1.323450000000000000e+04 7.946309999999999718e+02 1.600000000000000000e+01 8.648539999999999418e+04 3.452699999999999818e+02 -7.685010000000000218e+03 1.351720000000000073e+04 -1.393000000000000000e+04 -1.570389999999999964e+04 -8.620180000000000291e+03 -3.205729999999999968e-01 2.876830000000000220e-01 1.288700000000000000e+07 9.998680000000000000e+06 1.655420000000000158e+01
              redesign_dl_17.0.dat 1.745250000000000057e+01 7.731959999999999944e-01 1.315829999999999927e+04 7.460480000000000018e+02 1.700000000000000000e+01 8.257530000000000291e+04 1.731430000000000064e+03 -7.745939999999999600e+03 1.350829999999999927e+04 -1.393460000000000036e+04 -1.460910000000000036e+04 -8.603389999999999418e+03 -9.827050000000000507e-01 2.016860000000000042e-01 1.288650000000000000e+07 9.998670000000000000e+06 1.697180000000000177e+01
              redesign_dl_18.0.dat 1.896109999999999829e+01 7.730869999999999687e-01 1.308460000000000036e+04 7.053980000000000246e+02 1.800000000000000000e+01 7.976639999999999418e+04 4.167670000000000073e+03 -7.750229999999999563e+03 1.354270000000000073e+04 -1.393400000000000000e+04 -1.366700000000000000e+04 -8.580149999999999636e+03 -1.576149999999999940e+00 1.246310000000000057e-01 1.289030000000000000e+07 9.998680000000000000e+06 1.734799999999999898e+01
              redesign_dl_19.0.dat 2.038469999999999871e+01 7.729629999999999557e-01 1.299510000000000036e+04 6.697530000000000427e+02 1.900000000000000000e+01 7.658010000000000582e+04 4.292029999999999745e+03 -7.792680000000000291e+03 1.354589999999999964e+04 -1.393689999999999964e+04 -1.285400000000000000e+04 -8.552370000000000800e+03 -2.115629999999999900e+00 5.461019999999999763e-02 1.289160000000000000e+07 9.998500000000000000e+06 1.768299999999999983e+01
              redesign_dl_20.0.dat 2.174220000000000041e+01 7.728129999999999722e-01 1.290300000000000000e+04 6.392359999999999900e+02 2.000000000000000000e+01 7.412569999999999709e+04 4.497939999999999600e+03 -7.818529999999999745e+03 1.354210000000000036e+04 -1.394139999999999964e+04 -1.214529999999999927e+04 -8.519719999999999345e+03 -2.611310000000000020e+00 -9.654859999999999484e-03 1.288850000000000000e+07 9.998340000000000000e+06 1.798509999999999920e+01
              redesign_dl_21.0.dat 2.304660000000000153e+01 7.726530000000000342e-01 1.281229999999999927e+04 6.128890000000000100e+02 2.100000000000000000e+01 7.237919999999999709e+04 5.510609999999999673e+03 -7.802970000000000255e+03 1.355210000000000036e+04 -1.394820000000000073e+04 -1.151020000000000073e+04 -8.479989999999999782e+03 -3.072459999999999969e+00 -6.943620000000000347e-02 1.288680000000000000e+07 9.997900000000000000e+06 1.826429999999999865e+01
              redesign_dl_22.0.dat 2.430529999999999902e+01 7.724860000000000060e-01 1.272350000000000000e+04 5.901580000000000155e+02 2.200000000000000000e+01 7.109110000000000582e+04 6.889010000000000218e+03 -7.761739999999999782e+03 1.356820000000000073e+04 -1.395720000000000073e+04 -1.095189999999999964e+04 -8.431760000000000218e+03 -3.500859999999999861e+00 -1.249699999999999978e-01 1.288640000000000000e+07 9.997310000000000000e+06 1.851310000000000144e+01
              redesign_dl_23.0.dat 2.552220000000000155e+01 7.723240000000000105e-01 1.262620000000000073e+04 5.699859999999999900e+02 2.300000000000000000e+01 7.004769999999999709e+04 7.972699999999999818e+03 -7.706920000000000073e+03 1.357429999999999927e+04 -1.396770000000000073e+04 -1.045229999999999927e+04 -8.373739999999999782e+03 -3.902769999999999850e+00 -1.770639999999999992e-01 1.288570000000000000e+07 9.996770000000000000e+06 1.874449999999999861e+01
              redesign_dl_24.0.dat 2.669960000000000022e+01 7.721839999999999815e-01 1.252839999999999964e+04 5.523139999999999645e+02 2.400000000000000000e+01 6.935180000000000291e+04 9.193760000000000218e+03 -7.621640000000000327e+03 1.356079999999999927e+04 -1.398229999999999927e+04 -1.000920000000000073e+04 -8.308469999999999345e+03 -4.283389999999999809e+00 -2.232870000000000132e-01 1.288450000000000000e+07 9.996240000000000000e+06 1.895769999999999911e+01
