Statistics: p99. Generated: 11/11/2021 17:02:22. No. files: 120.
                              File                       4                      10                      11                      13                      15                      19                      20                      22                      23                      27                      28                      29                      63                      66                      72                     102                     110
        redesign_dl_05.0_21716.dat 5.349999999999999938e-04 4.237630299999999850e-01 5.266135100000001330e+03 5.295900500000000193e+02 7.735525000000000873e+00 6.740564900000007765e+04 1.198681400000000212e+04 -1.908421499999996286e+03 4.640050700000000688e+03 -1.509649599999999964e+03 -3.576894999999996799e+03 1.409550200000000041e+04 1.635600500000000324e+01 1.908781600000000189e+00 4.021110399999999907e+06 1.705430199999999953e+06 8.222150800000001425e+01
        redesign_dl_05.0_40322.dat 5.349999999999999938e-04 4.065790000000000237e-01 4.810095600000001468e+03 4.864250400000000241e+02 7.994672100000000725e+00 5.534880900000002293e+04 1.003910800000000199e+04 -4.025930599999998321e+03 4.271420200000000477e+03 -2.147460000000000036e+03 -4.626298099999999977e+03 1.380779999999999927e+04 1.442201100000000302e+01 1.828892600000000535e+00 3.696460000000000000e+06 1.502390300000000047e+06 8.220660800000000279e+01
        redesign_dl_05.0_43619.dat 5.349999999999999938e-04 4.629060999999999870e-01 6.173765900000003057e+03 6.166782699999999977e+02 9.290568300000007440e+00 9.776391599999999744e+04 1.529665900000001238e+04 -2.392168199999993590e+02 5.391450800000001436e+03 -2.215379699999999957e+03 -3.725945699999998851e+03 1.429800300000000061e+04 1.822920600000000135e+01 1.959560299999999922e+00 4.803740000000000000e+06 2.223780600000000093e+06 8.217790800000000218e+01
        redesign_dl_05.0_47165.dat 5.349999999999999938e-04 3.765800300000000100e-01 4.371870299999999588e+03 4.255255000000000791e+02 8.407867100000000704e+00 5.344987100000003556e+04 1.197050900000000183e+04 -3.099012799999998606e+03 3.721861300000000483e+03 -2.155739999999999782e+03 -3.724999299999999948e+03 1.363600000000000000e+04 1.689291900000000624e+01 1.913180100000000161e+00 3.173170399999999907e+06 1.194120100000000093e+06 8.224622700000000464e+01
        redesign_dl_05.0_47952.dat 5.349999999999999938e-04 4.727200400000000080e-01 5.906203700000000936e+03 6.329714400000001433e+02 7.930344900000001473e+00 9.400578600000009465e+04 1.365722000000000480e+04 -1.560069299999999885e+03 5.353634400000000824e+03 -1.904559899999999971e+03 -3.687936399999996866e+03 1.364420000000000073e+04 1.658360000000000056e+01 1.921880200000000150e+00 4.999500299999999814e+06 2.363510800000000279e+06 8.222751500000001101e+01
        redesign_dl_05.0_50292.dat 5.349999999999999938e-04 3.812620199999999793e-01 4.373514400000000933e+03 4.361992400000000885e+02 7.378793500000001337e+00 5.071250300000000425e+04 9.522049400000003516e+03 -4.006449899999995523e+03 3.877740499999999884e+03 -1.723229800000000068e+03 -3.830578799999999774e+03 1.377051300000000265e+04 1.634761000000000308e+01 1.881320000000000103e+00 3.252190100000000093e+06 1.239520100000000093e+06 8.224841000000000690e+01
        redesign_dl_06.0_14324.dat 5.349999999999999938e-04 4.875000400000000234e-01 6.846293800000000374e+03 6.874680499999999483e+02 8.939676500000000914e+00 1.018671800000000367e+05 2.558920700000000215e+04 4.307904500000003054e+02 5.895791200000000572e+03 -3.055989799999999832e+03 -6.397179200000000492e+03 1.429871300000000338e+04 1.472430100000000053e+01 1.851360499999999965e+00 5.320320700000000186e+06 2.594250100000000093e+06 8.210020300000000759e+01
        redesign_dl_06.0_26862.dat 5.349999999999999938e-04 5.061111000000000359e-01 6.879611399999999776e+03 7.469091100000000552e+02 9.113678200000006058e+00 1.100903800000000774e+05 2.057510900000000038e+04 4.217730200000046921e+02 6.344250799999999799e+03 -2.324469699999999648e+03 -5.173628099999999904e+03 1.434520100000000093e+04 1.578624200000000855e+01 1.871761300000000405e+00 5.728501800000000745e+06 2.899200200000000186e+06 8.213312299999999766e+01
        redesign_dl_06.0_47824.dat 5.349999999999999938e-04 4.455479999999999996e-01 5.726222500000000764e+03 5.870032800000007001e+02 9.106490200000001423e+00 7.908400900000000547e+04 1.472880800000000090e+04 -2.581909599999999955e+03 4.933981799999999566e+03 -1.702939699999999903e+03 -3.713754599999995207e+03 1.415040300000000025e+04 1.544289999999999985e+01 1.871271100000000187e+00 4.435201800000000745e+06 1.972441600000000326e+06 8.220210000000000150e+01
        redesign_dl_06.0_51321.dat 5.349999999999999938e-04 5.346280100000000424e-01 7.241471900000000460e+03 8.120562800000001289e+02 9.918339600000001255e+00 1.104365600000001141e+05 3.008994800000001123e+04 -6.680446999999965101e+02 6.902260299999999916e+03 -3.191278899999999794e+03 -5.739779199999999946e+03 1.436630800000000090e+04 1.640390900000000229e+01 1.896370299999999842e+00 6.398500000000000000e+06 3.422050399999999907e+06 8.212070199999999431e+01
        redesign_dl_06.0_52263.dat 5.349999999999999938e-04 4.974940099999999865e-01 6.605530399999999645e+03 7.039093100000000049e+02 8.768341700000000571e+00 1.108720600000000122e+05 2.835838900000001740e+04 -1.123402599999996482e+03 6.241140000000000327e+03 -3.209849499999999807e+03 -6.400645299999998315e+03 1.457170600000000195e+04 1.478561300000000323e+01 1.832870400000000011e+00 5.537331200000000186e+06 2.753940000000000000e+06 8.210030000000000427e+01
        redesign_dl_06.0_55769.dat 5.349999999999999938e-04 5.039770000000000083e-01 7.029860200000000077e+03 7.303453700000001163e+02 9.128230200000000849e+00 1.219892100000000501e+05 2.841750600000000122e+04 1.777087500000048408e+02 6.733792900000000373e+03 -2.621099899999999707e+03 -5.164119299999997565e+03 1.495061300000000301e+04 1.623913500000000809e+01 1.906060600000000216e+00 5.687081600000000559e+06 2.866000000000000000e+06 8.210390800000000411e+01
         redesign_dl_07.0_2336.dat 5.349999999999999938e-04 6.958140500000000728e-01 1.277451000000000204e+04 1.327561100000000124e+03 1.071199999999999974e+01 1.794980599999999977e+05 5.382531300000000192e+04 6.407920500000010179e+03 1.161030600000000049e+04 -3.486569300000000112e+03 -6.420601199999998244e+03 1.649920800000000236e+04 1.580847800000001691e+01 1.894312300000000393e+00 1.083591400000000373e+07 7.535060700000000186e+06 8.188162200000000723e+01
        redesign_dl_07.0_40743.dat 5.349999999999999938e-04 6.179300199999999688e-01 9.941691400000001522e+03 1.085570300000000088e+03 9.633081699999999969e+00 1.492290400000000081e+05 6.839436700000005658e+04 3.024111300000000483e+03 9.503524900000002162e+03 -4.424128099999999904e+03 -9.283096599999997125e+03 1.552490600000000086e+04 1.356410300000000113e+01 1.776890300000000034e+00 8.560740199999999255e+06 5.289202100000000559e+06 8.191240400000000932e+01
        redesign_dl_07.0_45626.dat 5.349999999999999938e-04 5.802810000000000468e-01 9.344549600000002101e+03 9.868532000000000153e+02 1.003691800000000356e+01 1.520793900000000722e+05 4.791891100000000006e+04 1.879153100000000677e+03 8.914600099999999657e+03 -4.060309799999999996e+03 -8.976109800000000178e+03 1.535400000000000000e+04 1.350293200000000660e+01 1.775422000000000500e+00 7.565620600000000559e+06 4.392291200000000186e+06 8.190980400000000827e+01
        redesign_dl_07.0_52870.dat 5.349999999999999938e-04 5.885661200000000814e-01 9.748931700000001001e+03 1.002141000000000190e+03 1.034801100000000318e+01 1.774410100000000093e+05 8.446976800000001094e+04 5.343120600000002014e+03 9.665041900000001988e+03 -4.572749299999999494e+03 -7.845762299999998504e+03 1.558081100000000151e+04 1.494462300000000354e+01 1.848531100000000205e+00 7.766323100000000559e+06 4.569692300000000745e+06 8.191469999999999629e+01
        redesign_dl_07.0_52899.dat 5.349999999999999938e-04 5.838060300000000868e-01 9.604322000000000116e+03 1.014500900000000229e+03 1.001442800000000588e+01 1.723860800000000163e+05 5.232305100000007224e+04 2.581212000000002263e+03 8.982776500000001761e+03 -3.742139299999999821e+03 -6.517146499999998923e+03 1.550050000000000000e+04 1.436012800000000489e+01 1.824280399999999913e+00 7.612462100000000559e+06 4.438582400000000373e+06 8.196250300000001232e+01
         redesign_dl_07.0_8564.dat 5.349999999999999938e-04 6.035230000000000317e-01 9.906888800000000629e+03 1.057200100000000020e+03 9.364580000000000126e+00 1.600116400000001304e+05 4.742928500000001804e+04 1.300025700000003098e+03 9.189540600000000268e+03 -2.906549500000000080e+03 -6.378389499999993859e+03 1.527621600000000399e+04 1.603670800000000085e+01 1.860370300000000032e+00 8.134070299999999814e+06 4.901240000000000000e+06 8.198270399999999825e+01
        redesign_dl_08.0_15536.dat 5.349999999999999938e-04 7.193450300000000519e-01 1.375306800000001385e+04 1.446441600000000335e+03 1.125620100000000079e+01 1.913451000000000349e+05 6.982753500000000349e+04 8.137209400000006099e+03 1.205201200000000244e+04 -4.553369099999999889e+03 -9.022358000000000175e+03 1.605961600000000362e+04 1.442223700000000797e+01 1.823400700000000096e+00 1.085790000000000000e+07 7.810640500000000000e+06 8.183480000000000132e+01
        redesign_dl_08.0_22441.dat 5.349999999999999938e-04 6.826261099999999526e-01 1.239460000000000036e+04 1.322410100000000057e+03 1.181932800000000583e+01 1.808540800000000163e+05 5.139112200000000303e+04 6.325125000000005457e+03 1.180230099999999948e+04 -5.553778699999999844e+03 -1.143148699999999735e+04 1.608760400000000118e+04 1.389282000000000394e+01 1.792152100000000248e+00 1.042530200000000000e+07 7.120860900000000373e+06 8.182120000000000459e+01
        redesign_dl_08.0_32293.dat 5.349999999999999938e-04 6.558310400000000318e-01 1.161770000000000073e+04 1.243680400000000191e+03 1.080521900000000279e+01 1.782656300000001211e+05 5.511659500000001572e+04 3.674046800000009625e+03 1.064520100000000093e+04 -4.163169700000000375e+03 -8.974198900000001231e+03 1.619540700000000106e+04 1.385402400000000434e+01 1.796851400000000432e+00 9.624920800000000745e+06 6.312621400000000373e+06 8.184672500000000639e+01
        redesign_dl_08.0_41120.dat 5.356700700000000719e-04 7.561620599999999692e-01 1.332161300000000301e+04 1.534630800000000363e+03 1.204053500000000732e+01 1.865950500000000175e+05 6.351058700000003591e+04 6.405200800000012350e+03 1.270970000000000073e+04 -5.270469900000000052e+03 -1.025269700000000012e+04 1.718900000000000000e+04 1.413400400000000090e+01 1.813650100000000043e+00 1.086200000000000000e+07 8.230721400000000373e+06 8.176390400000001080e+01
        redesign_dl_08.0_46290.dat 5.349999999999999938e-04 6.611940299999999882e-01 1.170620700000000215e+04 1.239561000000000149e+03 1.193909999999999982e+01 1.721451300000000338e+05 8.211360500000002503e+04 4.419989300000007461e+03 1.121871600000000399e+04 -4.722747999999997774e+03 -8.709066399999997884e+03 1.630590700000000106e+04 1.457965600000001061e+01 1.831922500000000564e+00 9.788410800000000745e+06 6.479360099999999627e+06 8.184721500000000560e+01
        redesign_dl_08.0_60415.dat 5.349999999999999938e-04 6.415380900000000608e-01 1.099541300000000228e+04 1.178550700000000006e+03 1.147880199999999995e+01 1.539750800000000163e+05 6.259816400000001158e+04 2.914932600000000548e+03 1.012530299999999988e+04 -4.903389900000000125e+03 -1.032079999999999927e+04 1.597490099999999984e+04 1.350211300000000314e+01 1.770800600000000058e+00 9.203200500000000000e+06 5.907804700000001118e+06 8.184130600000000300e+01
        redesign_dl_09.0_21716.dat 1.262282700000002533e+00 7.769089999999999607e-01 1.536191100000000188e+04 1.661270199999999932e+03 1.240830100000000158e+01 2.063714800000000978e+05 7.044071499999999651e+04 9.486241299999999683e+03 1.423490099999999984e+04 -5.055458899999999630e+03 -1.058429699999999866e+04 1.806324100000000908e+04 1.372271100000000210e+01 1.786680100000000104e+00 1.297360000000000000e+07 9.965587800000000745e+06 8.165740599999999461e+01
        redesign_dl_09.0_40322.dat 5.349999999999999938e-04 7.235610399999999887e-01 1.347491100000000188e+04 1.458750300000000152e+03 1.218470300000000073e+01 1.794940100000000093e+05 4.640728000000003522e+04 4.910693800000002739e+03 1.261120200000000114e+04 -7.147009600000000319e+03 -1.396697699999999531e+04 1.684280199999999968e+04 1.295833400000000601e+01 1.732030399999999970e+00 1.085790000000000000e+07 7.855110700000000186e+06 8.165650300000000072e+01
        redesign_dl_09.0_43619.dat 2.559905400000011433e+00 7.797319999999999807e-01 1.581940600000000086e+04 1.672960400000000163e+03 1.394990900000000167e+01 2.141400200000000186e+05 5.192596500000004016e+04 1.210102700000000550e+04 1.476861700000000383e+04 -6.671269500000000335e+03 -1.301747399999999470e+04 1.808521100000000297e+04 1.424531700000000356e+01 1.811680399999999969e+00 1.301090000000000000e+07 1.000560000000000000e+07 8.160442600000000368e+01
        redesign_dl_09.0_47165.dat 5.349999999999999938e-04 6.911840399999999995e-01 1.327550100000000020e+04 1.393359999999999900e+03 1.297870500000000149e+01 1.873260000000000000e+05 8.018902800000004936e+04 6.832995500000000902e+03 1.246050300000000061e+04 -6.621749099999999999e+03 -1.191399699999999939e+04 1.709352000000000407e+04 1.454953400000000663e+01 1.818480200000000213e+00 1.073190100000000000e+07 7.430010099999999627e+06 8.171110199999999679e+01
        redesign_dl_09.0_47952.dat 6.728198000000001677e+00 7.878740199999999527e-01 1.537570400000000154e+04 1.533910500000000184e+03 1.244391000000000069e+01 1.899850299999999988e+05 6.854487600000007660e+04 8.297726300000000265e+03 1.433921000000000276e+04 -7.374539899999999761e+03 -1.324676399999999194e+04 1.675691100000000370e+04 1.361160399999999981e+01 1.780810100000000062e+00 1.310010100000000000e+07 1.000670000000000000e+07 8.172000699999999540e+01
        redesign_dl_09.0_50292.dat 5.112260500000141011e-02 7.655450200000000205e-01 1.437241600000000290e+04 1.574892000000000507e+03 1.266390100000000096e+01 1.860460800000000163e+05 4.289392900000001100e+04 5.223654800000000250e+03 1.305171000000000276e+04 -6.093728799999998955e+03 -1.163468399999999747e+04 1.721181200000000172e+04 1.393133000000000621e+01 1.796920300000000026e+00 1.122840500000000186e+07 8.564730900000000373e+06 8.172800900000000013e+01
        redesign_dl_10.0_14324.dat 5.039784000000000930e+00 7.858420900000000486e-01 1.584100500000000102e+04 1.669981200000000172e+03 1.413509999999999955e+01 2.161194000000000815e+05 3.464520100000000093e+04 1.318630600000000049e+04 1.452140500000000065e+04 -9.154734399999999368e+03 -1.742258499999999549e+04 1.815215700000001016e+04 1.278061400000000347e+01 1.726620299999999997e+00 1.314880100000000000e+07 1.000780000000000000e+07 8.145482300000000464e+01
        redesign_dl_10.0_26862.dat 4.934521500000000671e+00 7.844192100000000334e-01 1.558040700000000106e+04 1.665530099999999948e+03 1.412631100000000295e+01 2.048500599999999977e+05 3.630432100000000355e+04 1.024550400000000081e+04 1.486060500000000138e+04 -6.840707699999999932e+03 -1.404019199999999910e+04 1.751680600000000049e+04 1.359371400000000385e+01 1.767210100000000006e+00 1.313100000000000000e+07 1.000890000000000000e+07 8.156560600000000250e+01
        redesign_dl_10.0_47824.dat 3.172387100000009674e+00 7.776760500000000631e-01 1.547540900000000147e+04 1.665000000000000000e+03 1.370921200000000084e+01 2.043850500000000175e+05 3.557581300000002375e+04 8.159017300000001342e+03 1.444290800000000127e+04 -5.826369099999999889e+03 -1.122606799999999384e+04 1.741570100000000093e+04 1.346070300000000053e+01 1.770320299999999847e+00 1.302840200000000000e+07 1.000230000000000000e+07 8.162190699999999310e+01
        redesign_dl_10.0_51321.dat 8.409337700000001803e+00 7.892519999999999536e-01 1.556280700000000070e+04 1.674212500000000546e+03 1.495510400000000040e+01 2.093780700000000070e+05 3.888131100000000151e+04 8.876362800000006246e+03 1.487790200000000004e+04 -8.258480599999997139e+03 -1.468157699999999568e+04 1.781982500000000437e+04 1.420260300000000164e+01 1.797311200000000220e+00 1.321370300000000000e+07 1.000870000000000000e+07 8.154510199999999998e+01
        redesign_dl_10.0_52263.dat 4.323999100000003537e+00 7.827880100000000896e-01 1.593720000000000073e+04 1.694430300000000216e+03 1.360330300000000214e+01 2.127613100000000559e+05 3.283475500000000466e+04 6.836264300000002549e+03 1.518560100000000057e+04 -8.487428499999999985e+03 -1.643349599999999919e+04 1.851380099999999948e+04 1.342392900000000644e+01 1.760290200000000027e+00 1.311430000000000000e+07 1.001070100000000000e+07 8.148641000000000645e+01
        redesign_dl_10.0_55769.dat 6.412261599999999895e+00 7.893650700000000020e-01 1.668390200000000186e+04 1.686050199999999904e+03 1.401430100000000145e+01 2.147490200000000186e+05 5.059820300000000134e+04 1.141610100000000057e+04 1.522450200000000041e+04 -7.658052999999998974e+03 -1.410407399999999507e+04 1.879731400000000212e+04 1.406245800000001189e+01 1.794244100000000897e+00 1.325490400000000000e+07 1.001370000000000000e+07 8.153730400000000600e+01
         redesign_dl_11.0_2336.dat 1.373070400000000113e+01 7.943380300000000283e-01 1.744321000000000276e+04 1.692500000000000000e+03 1.564440800000000031e+01 2.194343100000000559e+05 3.864752100000000064e+04 1.266120200000000114e+04 1.549850200000000041e+04 -8.726788699999997334e+03 -1.126629999999999927e+04 1.931411300000000119e+04 1.280142400000000436e+01 1.721850300000000056e+00 1.330200100000000000e+07 1.001750000000000000e+07 8.163650300000000470e+01
        redesign_dl_11.0_40743.dat 1.141430900000000292e+01 7.910890500000000713e-01 1.661850100000000020e+04 1.696109999999999900e+03 1.461720300000000172e+01 2.124570599999999977e+05 5.188013300000004529e+04 1.149813200000000688e+04 1.560390099999999984e+04 -1.032479899999999907e+04 -1.216199699999999939e+04 1.877180299999999988e+04 1.237071500000000235e+01 1.696152000000000548e+00 1.334840000000000000e+07 1.001390000000000000e+07 8.161730400000000429e+01
        redesign_dl_11.0_45626.dat 9.999541600000000585e+00 7.918680100000000666e-01 1.661360599999999977e+04 1.649031200000000126e+03 1.526002100000000361e+01 2.056991100000000151e+05 3.005866000000001077e+04 8.842213600000013685e+03 1.502960400000000118e+04 -9.803129399999999805e+03 -1.473289299999999821e+04 1.805493200000000797e+04 1.168299999999999983e+01 1.636760100000000051e+00 1.334420100000000000e+07 1.001190000000000000e+07 8.164200999999999908e+01
        redesign_dl_11.0_52870.dat 1.017350600000000149e+01 7.921770800000000889e-01 1.719500500000000102e+04 1.663039999999999964e+03 1.512690100000000015e+01 2.087151400000000140e+05 3.944681500000000233e+04 1.371363800000000811e+04 1.557160500000000138e+04 -1.113279899999999907e+04 -1.196047499999999491e+04 1.923731500000000233e+04 1.169151200000000124e+01 1.636091600000000312e+00 1.341100000000000000e+07 1.001540000000000000e+07 8.157510900000001186e+01
        redesign_dl_11.0_52899.dat 1.051720100000000180e+01 7.895379999999999621e-01 1.688901800000000367e+04 1.621650300000000243e+03 1.523650500000000108e+01 2.077770100000000093e+05 5.569970100000000093e+04 1.062202400000000489e+04 1.555870100000000093e+04 -9.611289799999995012e+03 -1.359528799999999683e+04 1.877262600000000384e+04 1.266750400000000099e+01 1.714290500000000161e+00 1.325240000000000000e+07 1.001480000000000000e+07 8.160270300000000532e+01
         redesign_dl_11.0_8564.dat 1.043340200000000095e+01 7.887481400000000420e-01 1.631641300000000228e+04 1.685342300000000478e+03 1.447010600000000125e+01 2.142082600000000675e+05 4.163922600000000239e+04 9.616068900000002031e+03 1.507430199999999968e+04 -7.572397499999999127e+03 -1.390015699999999197e+04 1.835420500000000175e+04 1.322422000000000430e+01 1.744121000000000032e+00 1.321790100000000000e+07 1.001390000000000000e+07 8.160720400000001007e+01
        redesign_dl_12.0_15536.dat 1.363640300000000138e+01 7.965601900000001123e-01 1.773030400000000009e+04 1.629280199999999923e+03 1.624080500000000171e+01 1.988870800000000163e+05 4.334901200000000244e+04 1.214245900000001166e+04 1.550671000000000276e+04 -1.158779999999999927e+04 -8.457883399999995163e+03 1.943740000000000146e+04 1.169580300000000150e+01 1.635761200000000359e+00 1.340650100000000000e+07 1.001890000000000000e+07 8.174971100000000490e+01
        redesign_dl_12.0_22441.dat 1.304480100000000142e+01 7.958740499999999995e-01 1.713210499999999956e+04 1.677520300000000134e+03 1.677130200000000215e+01 2.112471200000000244e+05 5.192747700000001350e+04 1.171658800000001793e+04 1.569860400000000118e+04 -1.166750000000000000e+04 -9.765568799999999101e+03 1.860842900000000736e+04 1.104680399999999985e+01 1.580830100000000016e+00 1.352751100000000186e+07 1.001700100000000000e+07 8.173270199999998908e+01
        redesign_dl_12.0_32293.dat 1.233910500000000177e+01 7.962690700000000232e-01 1.703940500000000247e+04 1.621350800000000163e+03 1.572260700000000178e+01 1.986000700000000070e+05 5.418050600000002305e+04 8.727010200000004261e+03 1.568990400000000045e+04 -1.019599499999999898e+04 -1.222209099999999853e+04 1.893103600000000733e+04 1.131460300000000174e+01 1.607550299999999988e+00 1.335260400000000000e+07 1.001580000000000000e+07 8.169410100000000341e+01
        redesign_dl_12.0_41120.dat 1.459850700000000145e+01 7.974440400000000206e-01 1.726270400000000154e+04 1.666180200000000013e+03 1.716641100000000009e+01 2.109451800000000512e+05 5.492673500000000058e+04 1.133121200000000317e+04 1.578240300000000025e+04 -1.192689799999999923e+04 -9.532502799999994750e+03 1.947011600000000180e+04 1.087850200000000100e+01 1.564350099999999966e+00 1.336110000000000000e+07 1.001630000000000000e+07 8.166769999999999641e+01
        redesign_dl_12.0_46290.dat 1.323660199999999953e+01 7.963500199999999918e-01 1.715350000000000000e+04 1.664120300000000043e+03 1.678521500000000444e+01 2.133281300000000338e+05 6.839293300000000454e+04 1.220970400000002155e+04 1.641250300000000061e+04 -1.035999199999999837e+04 -9.100949399999995876e+03 1.946230500000000029e+04 1.243390900000000165e+01 1.694255200000001071e+00 1.346850100000000000e+07 1.001830000000000000e+07 8.167981799999999737e+01
        redesign_dl_12.0_60415.dat 1.145930000000000071e+01 7.915030100000000068e-01 1.639790500000000247e+04 1.678732300000000578e+03 1.633960300000000032e+01 2.092504800000000978e+05 4.097240200000002369e+04 1.044393100000000595e+04 1.577020600000000195e+04 -1.163029999999999927e+04 -1.250898899999999776e+04 1.898752000000000407e+04 1.131210199999999944e+01 1.602954500000000948e+00 1.327460000000000000e+07 1.001270000000000000e+07 8.162580800000000636e+01
        redesign_dl_13.0_21716.dat 1.537529999999999930e+01 7.981480499999999978e-01 1.750570400000000154e+04 1.661360099999999875e+03 1.752411100000000133e+01 2.123605800000001327e+05 5.193841400000000431e+04 1.096544500000000880e+04 1.590940400000000045e+04 -1.162219900000000052e+04 -6.804388799999996991e+03 1.969520200000000114e+04 1.063921000000000205e+01 1.543440499999999993e+00 1.364770100000000000e+07 1.002160000000000000e+07 8.180510400000000004e+01
        redesign_dl_13.0_40322.dat 1.357340100000000049e+01 7.924150300000000202e-01 1.692540300000000207e+04 1.433690800000000309e+03 1.692900099999999952e+01 1.798931600000000326e+05 5.102414600000005157e+04 9.191105300000002899e+03 1.565770900000000256e+04 -1.351819800000000032e+04 -9.695809899999992922e+03 1.890331500000000233e+04 8.003894500000001244e+00 1.280440100000000081e+00 1.328650100000000000e+07 1.001620000000000000e+07 8.182590700000000083e+01
        redesign_dl_13.0_43619.dat 1.551520600000000094e+01 8.010811000000001014e-01 1.757902200000000448e+04 1.580370099999999866e+03 1.840280100000000019e+01 1.890750700000000070e+05 5.241811600000000180e+04 1.442320600000002196e+04 1.590560400000000118e+04 -1.333289999999999964e+04 -6.944200799999993251e+03 1.969474400000000969e+04 9.132257200000001518e+00 1.393841200000000224e+00 1.348540500000000186e+07 1.002320000000000000e+07 8.179881100000000060e+01
        redesign_dl_13.0_47165.dat 1.357280100000000189e+01 8.011430100000000998e-01 1.784541200000000390e+04 1.646825600000001032e+03 1.792950100000000191e+01 2.090521000000000349e+05 6.140044700000000739e+04 1.302048800000001756e+04 1.591450300000000061e+04 -1.323989899999999943e+04 -8.033889999999997599e+03 1.917460299999999916e+04 9.907452200000001596e+00 1.471151100000000156e+00 1.341970000000000000e+07 1.001950000000000000e+07 8.181130300000000943e+01
        redesign_dl_13.0_47952.dat 1.781230100000000149e+01 8.023240600000000056e-01 1.803440400000000227e+04 1.372170500000000175e+03 1.780531000000000219e+01 1.801561300000000338e+05 6.022355100000000675e+04 1.270081600000000253e+04 1.592520400000000154e+04 -1.330259499999999935e+04 -6.391652599999960330e+03 1.923691800000000512e+04 7.649328800000006368e+00 1.221770500000000093e+00 1.354610100000000000e+07 1.002230000000000000e+07 8.184942400000001328e+01
        redesign_dl_13.0_50292.dat 1.497330100000000108e+01 7.963170100000001028e-01 1.727741600000000471e+04 1.650210900000000265e+03 1.811050600000000088e+01 2.114300500000000175e+05 5.470730200000000332e+04 1.099252600000000530e+04 1.601779999999999927e+04 -1.335839299999999821e+04 -9.377397299999998722e+03 1.921631300000000192e+04 1.071370900000000148e+01 1.553331200000000356e+00 1.335940000000000000e+07 1.001790000000000000e+07 8.178920999999999708e+01
        redesign_dl_14.0_14324.dat 1.623069999999999879e+01 7.982630499999999740e-01 1.813300800000000163e+04 1.192700600000000122e+03 1.941520099999999971e+01 1.601051700000000419e+05 6.197362600000000384e+04 1.344842500000000473e+04 1.564230099999999948e+04 -1.335719900000000052e+04 -5.377445599999997285e+03 1.938131800000000294e+04 6.074572700000000047e+00 1.048261100000000168e+00 1.345170100000000000e+07 1.002420000000000000e+07 8.195431400000001076e+01
        redesign_dl_14.0_26862.dat 1.591220200000000062e+01 7.993289999999999562e-01 1.701171500000000378e+04 1.614390400000000227e+03 1.909731500000000537e+01 1.910820400000000081e+05 3.337040200000000186e+04 1.142861100000000260e+04 1.528080299999999988e+04 -1.338229799999999886e+04 -6.980810999999997875e+03 1.857801700000000346e+04 9.322065400000001389e+00 1.420283500000000698e+00 1.334590000000000000e+07 1.001900000000000000e+07 8.190990499999999486e+01
        redesign_dl_14.0_47824.dat 1.635330200000000289e+01 8.017315800000001103e-01 1.733440400000000227e+04 1.599230199999999968e+03 1.873519999999999897e+01 1.989660200000000186e+05 4.989952600000000530e+04 1.108791000000000167e+04 1.563550100000000020e+04 -1.269738299999999617e+04 -7.785755499999999302e+03 1.885081400000000212e+04 1.096217100000001388e+01 1.570271300000000370e+00 1.351370500000000186e+07 1.001760000000000000e+07 8.191300699999999324e+01
        redesign_dl_14.0_51321.dat 1.819302800000000531e+01 7.990520399999999634e-01 1.788681200000000172e+04 1.304309999999999945e+03 1.993550200000000316e+01 1.704051500000000233e+05 6.998708500000003551e+04 1.483943300000002637e+04 1.587670100000000093e+04 -1.333799699999999939e+04 -6.084281399999994392e+03 1.937265600000000995e+04 7.515043400000000595e+00 1.218931900000000512e+00 1.360061100000000186e+07 1.002170000000000000e+07 8.197570000000000334e+01
        redesign_dl_14.0_52263.dat 1.570850300000000210e+01 7.983110100000000431e-01 1.754420100000000093e+04 1.259371200000000044e+03 1.868550400000000167e+01 1.656460200000000186e+05 6.295830600000000413e+04 9.893611000000004424e+03 1.604240099999999984e+04 -1.336639899999999943e+04 -7.158547599999995327e+03 1.919183600000000661e+04 7.039715200000005169e+00 1.173501000000000127e+00 1.338340000000000000e+07 1.002000000000000000e+07 8.192130400000000634e+01
        redesign_dl_14.0_55769.dat 1.699910699999999864e+01 8.035501400000000238e-01 1.859931200000000172e+04 1.394464300000001003e+03 1.897470200000000062e+01 1.781642400000000489e+05 6.455780900000002293e+04 1.274504600000000937e+04 1.635210000000000036e+04 -1.325150000000000000e+04 -3.884408499999997730e+03 2.007276100000001315e+04 7.897916700000001455e+00 1.260832600000004522e+00 1.365010100000000000e+07 1.002670000000000000e+07 8.195460900000000493e+01
         redesign_dl_15.0_2336.dat 2.085601400000000538e+01 8.035451900000000203e-01 1.921460099999999875e+04 1.250151100000000270e+03 2.041250500000000301e+01 1.663470100000000093e+05 7.611141800000000512e+04 1.435805600000001141e+04 1.622281000000000131e+04 -1.324719900000000052e+04 -2.339752899999994497e+03 1.971980299999999988e+04 6.657935800000006843e+00 1.119493200000000854e+00 1.348070200000000000e+07 1.002890000000000000e+07 8.205400099999999952e+01
        redesign_dl_15.0_40743.dat 1.954750600000000205e+01 8.002991999999999884e-01 1.827730800000000090e+04 1.200281400000000303e+03 1.957850499999999982e+01 1.588177200000001467e+05 5.981365700000001380e+04 1.404650900000000183e+04 1.588090300000000025e+04 -1.335189599999999882e+04 -2.579018699999997807e+03 1.932690700000000288e+04 6.322426200000001550e+00 1.082551200000000158e+00 1.361780100000000000e+07 1.002660000000000000e+07 8.205260699999999474e+01
        redesign_dl_15.0_45626.dat 1.851889999999999858e+01 8.013330899999999701e-01 1.815860800000000017e+04 1.221082300000000487e+03 2.062493600000000882e+01 1.634492900000000664e+05 4.228450400000000081e+04 1.099110000000000036e+04 1.542560000000000036e+04 -1.333959900000000016e+04 -4.748145499999996900e+03 1.875121500000000378e+04 5.740093700000002741e+00 1.022440800000000261e+00 1.349260100000000000e+07 1.002330000000000000e+07 8.206440200000000118e+01
        redesign_dl_15.0_52870.dat 1.850750400000000084e+01 8.008300900000000500e-01 1.840260800000000017e+04 1.167130600000000186e+03 1.995031099999999924e+01 1.584050599999999977e+05 6.680923800000002666e+04 1.590780199999999968e+04 1.604729999999999927e+04 -1.327529999999999927e+04 -1.768622199999986151e+03 1.940780199999999968e+04 5.804891300000004861e+00 1.020952800000000549e+00 1.358290100000000000e+07 1.002940000000000000e+07 8.205990199999999390e+01
        redesign_dl_15.0_52899.dat 1.882210699999999903e+01 8.028330300000000586e-01 1.848091300000000410e+04 1.222580199999999877e+03 2.011939999999999884e+01 1.639256600000001490e+05 5.597593800000000920e+04 1.335855100000001039e+04 1.587500100000000020e+04 -1.330800000000000000e+04 -4.126969299999997020e+03 1.920970200000000114e+04 6.663664500000001212e+00 1.115594500000000933e+00 1.345530000000000000e+07 1.002640000000000000e+07 8.199732600000000105e+01
         redesign_dl_15.0_8564.dat 1.858410100000000043e+01 7.974971100000000090e-01 1.790390100000000166e+04 1.425202400000000580e+03 1.940160299999999793e+01 1.846261100000000151e+05 4.798343400000000838e+04 1.132286200000001190e+04 1.574010200000000077e+04 -1.338659799999999996e+04 -4.462898299999997107e+03 1.912870100000000093e+04 8.338114900000009655e+00 1.316622500000000473e+00 1.346320200000000000e+07 1.002380000000000000e+07 8.202290600000000609e+01
        redesign_dl_16.0_21716.dat 2.074860100000000074e+01 8.049920800000001098e-01 1.874631800000000294e+04 1.274920500000000175e+03 2.149130399999999952e+01 1.675159900000001944e+05 4.562110599999999977e+04 1.266282500000000437e+04 1.589870500000000175e+04 -1.320519900000000052e+04 -1.018621099999998137e+03 2.020660599999999977e+04 6.151466600000001783e+00 1.054780300000000004e+00 1.377450000000000000e+07 1.003020000000000000e+07 8.206990100000000155e+01
        redesign_dl_16.0_40322.dat 1.909220499999999987e+01 7.969480199999999792e-01 1.802011900000000242e+04 1.063641000000000304e+03 2.075101600000000346e+01 1.479131700000000419e+05 6.574180400000000373e+04 1.241420000000000073e+04 1.598130299999999988e+04 -1.337720000000000073e+04 -2.799981399999997848e+03 1.947700300000000061e+04 4.546976600000001589e+00 8.603046600000000543e-01 1.342000100000000000e+07 1.002400000000000000e+07 8.206650199999999984e+01
        redesign_dl_16.0_43619.dat 2.051680600000000254e+01 8.066630000000000189e-01 1.845210199999999895e+04 1.098860400000000027e+03 2.206536300000001205e+01 1.529190100000000093e+05 6.417901499999999942e+04 1.546500100000000020e+04 1.612520600000000195e+04 -1.320220000000000073e+04 -8.600607399999908012e+02 2.034501500000000306e+04 5.087162800000004204e+00 9.199486400000000952e-01 1.355780100000000000e+07 1.002970000000000000e+07 8.203851199999999722e+01
        redesign_dl_16.0_47165.dat 1.940490000000000137e+01 8.106930399999999759e-01 1.923242400000000634e+04 1.202950300000000198e+03 2.165170900000000387e+01 1.645663900000000722e+05 5.258020399999999790e+04 1.495081000000000131e+04 1.590360100000000057e+04 -1.316469800000000032e+04 -1.702780399999998053e+03 1.967711200000000099e+04 5.555000099999999996e+00 9.875332300000008168e-01 1.350600100000000000e+07 1.002880000000000000e+07 8.205900400000000161e+01
        redesign_dl_16.0_47952.dat 2.308070600000000283e+01 8.091981200000000207e-01 1.924330199999999968e+04 1.071760700000000043e+03 2.156120200000000153e+01 1.539790200000000186e+05 6.174322800000000279e+04 1.459472900000000664e+04 1.607600200000000041e+04 -1.315279999999999927e+04 -4.861754099999988625e+02 1.972070900000000256e+04 4.992320199999999986e+00 9.103766800000000492e-01 1.385650100000000000e+07 1.003300000000000000e+07 8.210930199999999957e+01
        redesign_dl_16.0_50292.dat 2.044670100000000090e+01 8.026880800000000260e-01 1.843732500000000437e+04 1.102180100000000039e+03 2.221990399999999966e+01 1.476110000000000000e+05 5.283625300000003335e+04 1.239933600000000661e+04 1.610360700000000179e+04 -1.328559900000000016e+04 -3.557210599999998067e+03 1.950314400000000751e+04 5.394764800000003468e+00 9.701422199999999441e-01 1.344200000000000000e+07 1.002450000000000000e+07 8.206660800000000222e+01
        redesign_dl_17.0_14324.dat 2.128481100000000126e+01 8.051460100000000786e-01 1.939520100000000093e+04 1.007800700000000120e+03 2.343653400000000531e+01 1.472001900000000314e+05 5.799058800000001793e+04 1.567986200000001190e+04 1.581610100000000057e+04 -1.321699899999999980e+04 3.476545800000099007e+02 1.968120900000000256e+04 4.304532299999999978e+00 8.221938700000004374e-01 1.361550100000000000e+07 1.003250000000000000e+07 8.214330300000000307e+01
        redesign_dl_17.0_26862.dat 2.089300000000000068e+01 8.055440500000000670e-01 1.797400200000000041e+04 1.067520099999999957e+03 2.284261700000000417e+01 1.437220000000000000e+05 6.082496000000001368e+04 1.358374200000000928e+04 1.578611000000000240e+04 -1.324429799999999886e+04 -1.883058199999993349e+03 1.911100600000000122e+04 4.713174100000003364e+00 8.868827500000000530e-01 1.343390100000000000e+07 1.002600000000000000e+07 8.211410800000000165e+01
        redesign_dl_17.0_47824.dat 2.150181100000000001e+01 8.099430100000000188e-01 1.852360399999999936e+04 1.070133600000000797e+03 2.277559800000001999e+01 1.496214100000000908e+05 6.003120000000006257e+04 1.223851400000000285e+04 1.599400700000000143e+04 -1.322750000000000000e+04 -1.969721999999990203e+03 1.950351300000000265e+04 5.157729999999999926e+00 9.401600100000001570e-01 1.369170100000000000e+07 1.002600000000000000e+07 8.213090599999999597e+01
        redesign_dl_17.0_51321.dat 2.307800100000000043e+01 8.057530500000000817e-01 1.922282600000000457e+04 1.028350900000000138e+03 2.359620400000000018e+01 1.518200700000000070e+05 7.409101200000000244e+04 1.800830400000000009e+04 1.610700400000000081e+04 -1.321169900000000052e+04 -1.101304499999815505e+02 1.981750200000000041e+04 5.064653000000000738e+00 9.268981900000001772e-01 1.376090600000000186e+07 1.003110000000000000e+07 8.216830099999999959e+01
        redesign_dl_17.0_52263.dat 2.095700200000000279e+01 8.066260899999999623e-01 1.844920000000000073e+04 1.003900200000000041e+03 2.264620900000000248e+01 1.421321700000000419e+05 6.009594600000001083e+04 1.251450900000000183e+04 1.607800700000000143e+04 -1.322909799999999996e+04 -2.059542399999996178e+03 1.996211300000000119e+04 4.644612600000000313e+00 8.806501300000000310e-01 1.345870200000000000e+07 1.002840000000000000e+07 8.211800699999999154e+01
        redesign_dl_17.0_55769.dat 2.209060600000000107e+01 8.104662800000000944e-01 1.981250500000000102e+04 1.046650800000000345e+03 2.267100299999999891e+01 1.534570400000000081e+05 6.505313200000000506e+04 1.438325000000001091e+04 1.671670200000000114e+04 -1.312499799999999959e+04 7.001672600000052853e+02 2.080682700000000477e+04 5.027084700000000517e+00 9.071287300000003828e-01 1.378700800000000186e+07 1.003540100000000000e+07 8.213350300000000459e+01
         redesign_dl_18.0_2336.dat 2.514691099999999935e+01 8.115781499999999982e-01 2.054823500000000786e+04 1.010211800000000380e+03 2.393891200000000197e+01 1.449663000000000466e+05 6.133084700000000885e+04 1.673794600000001083e+04 1.614190099999999984e+04 -1.309779799999999886e+04 2.138578600000016195e+03 2.031372900000000664e+04 4.271132600000002277e+00 8.295453500000001812e-01 1.356740100000000000e+07 1.003900000000000000e+07 8.220820100000000252e+01
        redesign_dl_18.0_40743.dat 2.405880100000000255e+01 8.055830400000000280e-01 1.987990300000000207e+04 9.912528200000001561e+02 2.359199999999999875e+01 1.449600000000000000e+05 5.967639300000001822e+04 1.735291200000000390e+04 1.611881000000000131e+04 -1.319399799999999959e+04 2.177242600000000493e+03 1.995261400000000140e+04 4.306081900000002349e+00 8.269142400000002446e-01 1.377250700000000186e+07 1.003690000000000000e+07 8.219461799999999130e+01
        redesign_dl_18.0_45626.dat 2.326780200000000320e+01 8.090181300000000020e-01 1.963271500000000378e+04 1.000281100000000151e+03 2.443461700000000292e+01 1.465850299999999988e+05 4.926725100000001112e+04 1.389251600000000326e+04 1.590420700000000215e+04 -1.316669800000000032e+04 -3.509394499999974641e+02 1.958012100000000282e+04 3.845360099999999726e+00 7.707406200000005425e-01 1.363890100000000000e+07 1.003120000000000000e+07 8.221340099999999040e+01
        redesign_dl_18.0_52870.dat 2.314650400000000019e+01 8.088840400000000264e-01 1.975191200000000390e+04 9.745860099999999875e+02 2.360890699999999853e+01 1.467690100000000093e+05 7.043872299999999814e+04 1.900190300000000207e+04 1.640940200000000186e+04 -1.314949899999999980e+04 2.782724000000008800e+03 2.031916800000001240e+04 4.071848700000009202e+00 8.018682600000008875e-01 1.376380000000000000e+07 1.003920000000000000e+07 8.220981299999999692e+01
        redesign_dl_18.0_52899.dat 2.351610300000000109e+01 8.084480200000000449e-01 1.979200100000000020e+04 1.003172000000000367e+03 2.370272300000000598e+01 1.542441700000000419e+05 8.734031399999999849e+04 1.633980900000000111e+04 1.649650300000000061e+04 -1.315529899999999907e+04 5.270662200000109578e+02 1.958980600000000049e+04 4.540975600000001222e+00 8.569281800000003724e-01 1.357150100000000000e+07 1.003620000000000000e+07 8.215011599999999703e+01
         redesign_dl_18.0_8564.dat 2.318880000000000052e+01 8.032111900000000748e-01 1.888992500000000655e+04 1.071031600000000253e+03 2.315320699999999832e+01 1.489520900000000256e+05 5.341882000000004336e+04 1.392581400000000212e+04 1.591380199999999968e+04 -1.326739899999999943e+04 4.584796300000058409e+02 1.965281900000000314e+04 4.558395100000001143e+00 8.668144700000001146e-01 1.359610100000000000e+07 1.003200000000000000e+07 8.217280499999999677e+01
        redesign_dl_19.0_21716.dat 2.515170100000000275e+01 8.106730500000000061e-01 2.063581100000000151e+04 1.028691000000000258e+03 2.536710600000000326e+01 1.490382000000000407e+05 5.223955300000002899e+04 1.500152100000000428e+04 1.612560600000000159e+04 -1.310029799999999886e+04 2.892430399999999736e+03 2.037697800000001735e+04 4.112580100000008620e+00 8.059781300000002924e-01 1.401770500000000186e+07 1.003980000000000000e+07 8.219430699999999490e+01
        redesign_dl_19.0_40322.dat 2.352830100000000257e+01 8.060071400000000663e-01 1.919911100000000079e+04 9.279720899999999801e+02 2.456971300000000369e+01 1.374380900000000256e+05 7.093941400000000431e+04 1.493021900000000460e+04 1.610181200000000172e+04 -1.320679899999999907e+04 2.109078800000014326e+03 1.963490900000000329e+04 3.172725700000003091e+00 6.948838400000002524e-01 1.353940000000000000e+07 1.003450000000000000e+07 8.220359999999999445e+01
        redesign_dl_19.0_43619.dat 2.480180100000000110e+01 8.156481200000000875e-01 1.974279999999999927e+04 9.509456200000001900e+02 2.562199600000002064e+01 1.417940400000000081e+05 7.861280200000001059e+04 1.702727400000001580e+04 1.638670900000000256e+04 -1.301179799999999886e+04 2.516763000000000829e+03 2.034861600000000180e+04 3.128740800000000100e+00 6.802794900000000977e-01 1.376000000000000000e+07 1.003710000000000000e+07 8.215800699999999779e+01
        redesign_dl_19.0_47165.dat 2.397909999999999897e+01 8.181680300000000461e-01 2.071542500000000655e+04 1.031140900000000329e+03 2.534222400000000164e+01 1.565870299999999988e+05 5.924902100000000064e+04 1.708561300000000119e+04 1.608230099999999948e+04 -1.304759699999999975e+04 2.699873900000000503e+03 1.974790600000000268e+04 3.541552300000000653e+00 7.446842300000000581e-01 1.366930000000000000e+07 1.003710000000000000e+07 8.219500299999999982e+01
        redesign_dl_19.0_47952.dat 2.729230600000000351e+01 8.173240700000000691e-01 2.045200100000000020e+04 9.606214100000000826e+02 2.534460900000000194e+01 1.484991200000000244e+05 5.868311900000000605e+04 1.722501500000000306e+04 1.621850500000000102e+04 -1.301579999999999927e+04 3.323564300000000912e+03 2.027062400000000343e+04 3.648492000000002733e+00 7.423429700000003795e-01 1.400080700000000186e+07 1.004220000000000000e+07 8.223140499999999520e+01
        redesign_dl_19.0_50292.dat 2.488920399999999944e+01 8.106380100000000200e-01 1.954010499999999956e+04 9.389638800000001311e+02 2.631180200000000369e+01 1.375961000000000349e+05 6.198982600000000821e+04 1.426695000000000982e+04 1.627640700000000106e+04 -1.312410000000000036e+04 1.010883500000002755e+03 1.997284700000000885e+04 3.595764600000005196e+00 7.464571700000001142e-01 1.359150000000000000e+07 1.003270000000000000e+07 8.220750199999999097e+01
        redesign_dl_20.0_14324.dat 2.545585500000001034e+01 8.148001099999999663e-01 2.063311100000002261e+04 9.116692699999999832e+02 2.733459999999999823e+01 1.443310100000000093e+05 6.976057700000003388e+04 1.852963600000004953e+04 1.613990099999999984e+04 -1.304029899999999907e+04 4.354958900000007816e+03 1.955383100000002742e+04 3.047838600000001730e+00 6.672895100000009183e-01 1.380490000000000000e+07 1.004220000000000000e+07 8.225940599999999847e+01
        redesign_dl_20.0_26862.dat 2.520171400000000261e+01 8.142200800000001237e-01 1.930330700000000070e+04 9.264842200000001640e+02 2.662191200000000180e+01 1.362862000000000407e+05 6.025831600000000617e+04 1.604032200000000375e+04 1.583270000000000073e+04 -1.310139999999999964e+04 2.229182600000002822e+03 1.941671600000000399e+04 3.186852400000002472e+00 7.019697900000003710e-01 1.357540300000000000e+07 1.003380000000000000e+07 8.225021500000001140e+01
        redesign_dl_20.0_47824.dat 2.580140700000000109e+01 8.164552100000000978e-01 1.966680299999999988e+04 9.146355900000000929e+02 2.688372600000000645e+01 1.389780700000000070e+05 7.168327600000001257e+04 1.365107500000001528e+04 1.619939999999999964e+04 -1.308559799999999996e+04 1.909264700000009043e+03 1.963000100000000020e+04 3.070119500000001889e+00 6.828677300000001171e-01 1.389300200000000000e+07 1.003440000000000000e+07 8.226854000000001577e+01
        redesign_dl_20.0_51321.dat 2.712720099999999945e+01 8.121350500000000805e-01 2.046910399999999936e+04 9.021372099999999818e+02 2.720300299999999893e+01 1.483540100000000093e+05 7.416544700000000012e+04 2.017025700000001234e+04 1.624131400000000212e+04 -1.306919900000000052e+04 3.597174100000029739e+03 2.036434600000000864e+04 3.670681700000000269e+00 7.495098100000011643e-01 1.396250200000000000e+07 1.004120000000000000e+07 8.229070600000000013e+01
        redesign_dl_20.0_52263.dat 2.522090299999999985e+01 8.118590300000000370e-01 1.956081100000000151e+04 8.936373200000000452e+02 2.663760100000000008e+01 1.367450400000000081e+05 8.174986700000002747e+04 1.516890200000000004e+04 1.643670700000000215e+04 -1.306589799999999923e+04 1.960583900000000767e+03 2.027155300000001080e+04 3.165056500000007489e+00 6.939670900000004528e-01 1.361610100000000000e+07 1.003850000000000000e+07 8.221881799999999885e+01
        redesign_dl_20.0_55769.dat 2.647960200000000341e+01 8.185880899999999905e-01 2.102840200000000186e+04 9.155189500000002454e+02 2.635464300000001003e+01 1.483010900000000256e+05 7.174421700000003329e+04 1.672282800000000498e+04 1.694720100000000093e+04 -1.295220000000000073e+04 4.718321799999999712e+03 2.123006500000001324e+04 3.538951700000000145e+00 7.231911300000000153e-01 1.399140500000000186e+07 1.004470000000000000e+07 8.225820600000000127e+01
         redesign_dl_21.0_2336.dat 2.889630299999999963e+01 8.194730700000000256e-01 2.194340800000000309e+04 9.160028100000000677e+02 2.749580299999999866e+01 1.445905500000001048e+05 7.468033100000000559e+04 1.882293400000000838e+04 1.638151200000000244e+04 -1.295199699999999939e+04 6.184906500000025517e+03 2.093011800000000221e+04 3.151068600000002107e+00 6.827103500000001324e-01 1.373140300000000000e+07 1.004720000000000000e+07 8.230471699999999657e+01
        redesign_dl_21.0_40743.dat 2.818030100000000004e+01 8.113300300000000354e-01 2.150761700000000201e+04 8.942423099999999749e+02 2.755731000000000464e+01 1.466021100000000151e+05 7.476557500000006985e+04 1.954330299999999988e+04 1.644800200000000041e+04 -1.304089899999999943e+04 6.303477100000001883e+03 2.032200400000000081e+04 2.994893400000000483e+00 6.642709000000008857e-01 1.391782200000000373e+07 1.004610000000000000e+07 8.229960099999999557e+01
        redesign_dl_21.0_45626.dat 2.739370100000000008e+01 8.159720700000000493e-01 2.128980500000000029e+04 9.035795500000002676e+02 2.803343800000000741e+01 1.426570500000000175e+05 5.563539500000001863e+04 1.633899500000001899e+04 1.614511200000000281e+04 -1.303609799999999996e+04 3.662355100000003404e+03 1.973255200000001059e+04 2.782835200000001397e+00 6.447317100000004020e-01 1.379320100000000000e+07 1.003990100000000000e+07 8.231920099999999252e+01
        redesign_dl_21.0_52870.dat 2.742040600000000339e+01 8.174251399999999945e-01 2.135630299999999988e+04 8.773111300000000483e+02 2.718639999999999901e+01 1.454410100000000093e+05 8.830442200000003504e+04 2.137846100000001388e+04 1.692001400000000285e+04 -1.298179899999999907e+04 6.231949000000024171e+03 2.079562700000000405e+04 2.952932300000000509e+00 6.650363900000003659e-01 1.398400300000000000e+07 1.004930100000000000e+07 8.232110699999999781e+01
        redesign_dl_21.0_52899.dat 2.753630900000000281e+01 8.172860199999999464e-01 2.136661600000000180e+04 8.991582700000000159e+02 2.739451000000000391e+01 1.515970000000000000e+05 8.847051099999999860e+04 1.856691500000002270e+04 1.674990200000000186e+04 -1.302169700000000012e+04 4.780053200000014840e+03 1.996090500000000247e+04 3.029230600000006213e+00 6.724122500000007108e-01 1.374810100000000000e+07 1.004700000000000000e+07 8.225310100000000091e+01
         redesign_dl_21.0_8564.dat 2.713500100000000259e+01 8.108760600000000096e-01 2.038831000000000131e+04 9.289714000000001306e+02 2.680902200000000590e+01 1.427544400000000896e+05 6.056343900000002759e+04 1.633236400000001231e+04 1.614860200000000077e+04 -1.314219499999999971e+04 4.403188200000010511e+03 1.979925600000001214e+04 3.110093100000000721e+00 6.855056900000001674e-01 1.378290700000000186e+07 1.003790000000000000e+07 8.228131199999999978e+01
        redesign_dl_22.0_21716.dat 2.906580100000000044e+01 8.163994500000000265e-01 2.192540700000000288e+04 9.338324200000005249e+02 2.930580400000000196e+01 1.461220599999999977e+05 6.509788300000001618e+04 1.725396600000001490e+04 1.641400300000000061e+04 -1.296269900000000052e+04 6.433782500000002983e+03 2.105701100000000224e+04 2.978863800000006723e+00 6.650115500000004509e-01 1.425350100000000000e+07 1.004750000000000000e+07 8.229330900000000781e+01
        redesign_dl_22.0_40322.dat 2.744870399999999933e+01 8.137821600000000322e-01 2.080600700000000143e+04 8.790289800000002742e+02 2.831510000000000105e+01 1.406496100000001315e+05 8.269411300000001211e+04 1.740352400000000489e+04 1.641790700000000288e+04 -1.304799899999999980e+04 5.587716400000007525e+03 1.987191000000000349e+04 2.167553300000000682e+00 5.671477300000000721e-01 1.367250000000000000e+07 1.004320000000000000e+07 8.228980099999999709e+01
        redesign_dl_22.0_43619.dat 2.859750299999999967e+01 8.236850800000000694e-01 2.100477100000001519e+04 8.678516900000004171e+02 2.908642800000004769e+01 1.373061800000000512e+05 7.897128200000000652e+04 1.849320400000000154e+04 1.655000500000000102e+04 -1.285859799999999996e+04 5.983389600000010432e+03 2.066260299999999916e+04 2.167002500000002829e+00 5.594421400000000322e-01 1.388940100000000000e+07 1.004150000000000000e+07 8.226970599999999934e+01
        redesign_dl_22.0_47165.dat 2.790830000000000055e+01 8.244610399999999784e-01 2.219140900000000329e+04 9.334630900000001930e+02 2.927377200000001523e+01 1.495810000000000000e+05 8.960587100000001374e+04 1.934161800000000221e+04 1.655820400000000154e+04 -1.292079899999999907e+04 5.954650500000007924e+03 2.015886500000001251e+04 2.537310600000002303e+00 6.047414400000000745e-01 1.385220000000000000e+07 1.004510000000000000e+07 8.230070000000000618e+01
        redesign_dl_22.0_47952.dat 3.113020600000000115e+01 8.269930899999999863e-01 2.201544300000001022e+04 8.798214600000001155e+02 2.928180400000000105e+01 1.495712900000000664e+05 7.760287700000003679e+04 1.991014600000000792e+04 1.673780199999999968e+04 -1.282819800000000032e+04 7.300262100000010832e+03 2.081940700000000288e+04 2.689816000000001317e+00 6.303042800000000501e-01 1.428490200000000000e+07 1.005130000000000000e+07 8.233871700000000260e+01
        redesign_dl_22.0_50292.dat 2.888640200000000036e+01 8.195684300000000144e-01 2.108600400000000081e+04 8.574270700000000716e+02 3.025490800000000036e+01 1.345771500000000233e+05 5.902322600000002421e+04 1.657915200000000914e+04 1.639670400000000154e+04 -1.295979599999999846e+04 4.241106800000003204e+03 2.015080199999999968e+04 2.499760900000002284e+00 6.087848100000002871e-01 1.369310200000000000e+07 1.004200000000000000e+07 8.230580100000000243e+01
        redesign_dl_23.0_14324.dat 2.937730300000000128e+01 8.245620399999999961e-01 2.238481300000000192e+04 8.599308100000000650e+02 3.114192200000000454e+01 1.419740299999999988e+05 7.961454900000002817e+04 2.083742200000002413e+04 1.640609999999999854e+04 -1.284720000000000073e+04 7.390711900000018431e+03 2.014181500000000233e+04 2.129725400000003432e+00 5.513523800000010855e-01 1.404220000000000000e+07 1.005060000000000000e+07 8.236410599999999249e+01
        redesign_dl_23.0_26862.dat 2.897762400000000227e+01 8.245740200000000186e-01 2.062390200000000186e+04 8.442850599999999304e+02 3.034410600000000358e+01 1.364402600000000675e+05 6.091529400000001624e+04 1.835722200000002340e+04 1.601350400000000081e+04 -1.291129999999999927e+04 5.879286000000003696e+03 2.000391300000002229e+04 2.417504600000000892e+00 5.972035700000001279e-01 1.374870100000000000e+07 1.004360000000000000e+07 8.234541299999999353e+01
        redesign_dl_23.0_47824.dat 2.953170200000000278e+01 8.219343500000001468e-01 2.092793000000000757e+04 8.412818700000001400e+02 3.065941600000000378e+01 1.416862700000000477e+05 8.721943499999999767e+04 1.550632600000000457e+04 1.666430199999999968e+04 -1.294239699999999903e+04 5.012212900000002264e+03 2.006520800000000236e+04 1.850313100000000599e+00 5.328104800000000862e-01 1.401620400000000000e+07 1.004090000000000000e+07 8.235871799999999610e+01
        redesign_dl_23.0_51321.dat 3.094370100000000079e+01 8.200160100000000174e-01 2.199460699999999997e+04 8.413360400000000254e+02 3.094390200000000135e+01 1.483778500000001804e+05 7.867298500000001513e+04 2.175493100000000777e+04 1.642350800000000163e+04 -1.290399899999999980e+04 7.270001200000004246e+03 2.049705500000001120e+04 2.886839900000004011e+00 6.612657900000006306e-01 1.403100000000000000e+07 1.004940000000000000e+07 8.238181099999999901e+01
        redesign_dl_23.0_52263.dat 2.911621000000000237e+01 8.183140399999999648e-01 2.113590400000000227e+04 8.400874600000000783e+02 3.056753000000000497e+01 1.353750100000000093e+05 9.357407700000006298e+04 1.734526700000001438e+04 1.686581500000000233e+04 -1.294659699999999975e+04 5.316686500000003434e+03 2.048990200000000186e+04 2.240610500000000282e+00 5.783615200000007395e-01 1.380200100000000000e+07 1.004640000000000000e+07 8.231280699999999229e+01
        redesign_dl_23.0_55769.dat 3.036430000000000007e+01 8.260400800000000654e-01 2.272820100000000093e+04 8.667481800000000476e+02 2.987500500000000159e+01 1.479280599999999977e+05 7.999275400000002992e+04 1.936680800000002273e+04 1.699900700000000143e+04 -1.280020000000000073e+04 7.459922900000008667e+03 2.168702200000000448e+04 2.262649300000002306e+00 5.691526900000001277e-01 1.414770100000000000e+07 1.005230000000000000e+07 8.234950600000000520e+01
         redesign_dl_24.0_2336.dat 3.208781100000000208e+01 8.260606400000001237e-01 2.364451300000000265e+04 8.629770400000002155e+02 3.116320500000000138e+01 1.488700100000000093e+05 9.296961200000000827e+04 2.130271400000000358e+04 1.674109999999999854e+04 -1.278179799999999886e+04 8.773151600000002873e+03 2.134362400000000343e+04 2.327276700000001419e+00 5.790639600000003773e-01 1.391580600000000186e+07 1.005560000000000000e+07 8.238930000000000575e+01
        redesign_dl_24.0_40743.dat 3.179900299999999902e+01 8.184220899999999910e-01 2.289100800000000163e+04 8.434981600000002118e+02 3.148420000000000130e+01 1.505328100000001723e+05 8.392465800000011222e+04 2.205776900000001478e+04 1.675440400000000227e+04 -1.291339799999999923e+04 9.045168900000004214e+03 2.052386200000001190e+04 2.126815100000003067e+00 5.551309000000003158e-01 1.415360100000000000e+07 1.005780000000000000e+07 8.238830699999999752e+01
        redesign_dl_24.0_45626.dat 3.108040100000000194e+01 8.248001600000000044e-01 2.287671200000000317e+04 8.496190000000000282e+02 3.166718200000001815e+01 1.466101600000000326e+05 7.338205900000009569e+04 1.894791300000000410e+04 1.639950100000000020e+04 -1.285219599999999991e+04 7.230547000000009575e+03 2.019415300000000934e+04 2.226314100000000629e+00 5.679785600000001322e-01 1.393771100000000186e+07 1.004810000000000000e+07 8.239085000000001457e+01
        redesign_dl_24.0_52870.dat 3.148480299999999943e+01 8.291309999999999514e-01 2.282823000000000684e+04 8.223992400000000771e+02 3.085990100000000069e+01 1.451191200000000244e+05 1.056890700000000070e+05 2.357061700000000201e+04 1.723751400000000285e+04 -1.276029799999999886e+04 9.433042700000007244e+03 2.098142600000000675e+04 2.031075700000005035e+00 5.323934000000001276e-01 1.422650900000000186e+07 1.005800000000000000e+07 8.239760099999999454e+01
        redesign_dl_24.0_52899.dat 3.120590100000000078e+01 8.250240500000000088e-01 2.323338600000001679e+04 8.475877400000001671e+02 3.131450800000000001e+01 1.566160200000000186e+05 1.020110100000000093e+05 2.149892600000000675e+04 1.707830400000000009e+04 -1.284979899999999907e+04 8.563001700000002529e+03 2.083084600000000864e+04 2.312848700000007529e+00 5.771973400000000032e-01 1.393570100000000000e+07 1.005390100000000000e+07 8.233980099999999425e+01
         redesign_dl_24.0_8564.dat 3.075840000000000174e+01 8.184405300000000549e-01 2.192064100000000690e+04 8.550465200000001005e+02 3.040340700000000140e+01 1.446855600000001141e+05 6.985987400000005437e+04 1.883471900000000460e+04 1.650640900000000329e+04 -1.299639499999999862e+04 7.727581900000000132e+03 2.045950100000000020e+04 2.274263300000000765e+00 5.724511400000001915e-01 1.394770000000000000e+07 1.004570000000000000e+07 8.239300400000000479e+01
