Statistics: std. Generated: 11/11/2021 17:02:22. No. files: 120.
                              File                       4                      10                      11                      13                      15                      19                      20                      22                      23                      27                      28                      29                      63                      66                      72                     102                     110
        redesign_dl_05.0_21716.dat 1.084202172485504434e-19 4.796519223107226226e-02 9.740365282999221108e+02 9.478418570496879170e+01 1.226672834803487877e+00 1.462388842719203058e+04 3.713406605944586772e+03 2.334134133641497101e+03 8.310177210326576187e+02 7.940768050046921189e+02 2.166288398840399168e+03 8.855869263423974189e+03 3.067186959017214054e+00 2.863669025468280616e-01 7.386334016806867439e+05 3.883423956719920970e+05 2.081421966249909872e+01
        redesign_dl_05.0_40322.dat 1.084202172485504434e-19 3.525188283863661676e-02 7.450987791844645471e+02 7.436262604095364281e+01 1.300764055419325604e+00 1.061566441550315722e+04 2.733407506347399249e+03 1.657196451747214041e+03 6.345219487165802548e+02 5.976300824821950073e+02 1.678807555620249332e+03 8.802419001015023241e+03 2.337299655093923345e+00 2.214515105008487417e-01 5.559161033880050527e+05 2.958279229599997052e+05 2.085218494177325255e+01
        redesign_dl_05.0_43619.dat 1.084202172485504434e-19 4.528937365441710466e-02 1.035653429810816988e+03 1.015895447604652446e+02 1.388237007962722203e+00 1.725399987799067821e+04 4.198912378372581770e+03 2.667524658127324528e+03 8.835480396106216858e+02 8.203459515545612248e+02 2.504940082386769973e+03 8.911327097516845242e+03 3.678807099023489346e+00 3.234806261644960212e-01 7.631687453477468807e+05 4.361116807398718083e+05 2.084570605100396889e+01
        redesign_dl_05.0_47165.dat 1.084202172485504434e-19 2.190062846755732109e-02 6.509653401130663042e+02 5.125585496086516457e+01 1.279419653492828823e+00 1.061245131817874790e+04 3.421504676181505602e+03 2.033436768418616111e+03 4.358138011791976965e+02 3.558449394981076352e+02 1.498149956272099871e+03 8.752116858531604521e+03 3.212503511709775328e+00 2.931448922142387836e-01 3.312814960726659046e+05 1.684850705679780513e+05 2.083857320910119171e+01
        redesign_dl_05.0_47952.dat 1.084202172485504434e-19 4.720131151391750157e-02 1.015426901362074659e+03 9.935430446145167593e+01 1.370213577949602524e+00 1.630324434903249130e+04 4.161711364337644227e+03 2.178410871677041541e+03 7.915834389951521644e+02 8.437603558650069999e+02 2.263436169038049684e+03 8.739041326587708681e+03 3.113855614284699147e+00 2.848218249258917534e-01 7.845173481986195548e+05 4.466871164735630155e+05 2.083270092554417019e+01
        redesign_dl_05.0_50292.dat 1.084202172485504434e-19 3.594446980303661610e-02 7.301533652302172186e+02 7.126222629224233174e+01 1.354952556105658346e+00 1.021203748857236133e+04 2.873185568126805720e+03 1.621413986237861081e+03 6.044726295939426564e+02 5.646625182806351404e+02 1.716114399201294873e+03 8.834908064030509195e+03 3.005543767669005994e+00 2.781322936574600058e-01 5.253197072173444321e+05 2.594852534201005474e+05 2.083665443226126612e+01
        redesign_dl_06.0_14324.dat 1.084202172485504434e-19 2.787105807938541208e-02 8.872913176910305992e+02 7.540720935657142832e+01 1.327119565353818365e+00 1.730989444926189753e+04 8.649053688603891715e+03 2.819258170394608896e+03 6.015857427387520602e+02 5.677296559982088411e+02 2.045022308790789793e+03 8.756010808335755428e+03 2.579013818617058362e+00 2.479609773313468657e-01 5.280068282823938644e+05 3.378019381303462433e+05 2.092025519771894793e+01
        redesign_dl_06.0_26862.dat 1.084202172485504434e-19 5.627118749173666556e-02 1.296159958079638727e+03 1.365455347142912501e+02 1.432452289505774745e+00 2.205998763625733409e+04 5.838782727827132476e+03 2.631070270141319270e+03 1.137843526441282620e+03 1.122987566456810555e+03 2.886854852834164831e+03 8.775587416888762164e+03 2.683356822398954566e+00 2.533852111059055057e-01 1.044446967830666457e+06 6.599111748487540754e+05 2.093899488033875400e+01
        redesign_dl_06.0_47824.dat 1.084202172485504434e-19 4.617154987975166658e-02 9.720467317512195677e+02 9.933197306719642938e+01 1.403604524878511173e+00 1.555844842151984449e+04 4.616144658869894556e+03 2.073827887564412322e+03 8.056404279327488211e+02 7.925609494604003658e+02 2.242203328148911623e+03 8.860014454720063441e+03 2.943243422974780366e+00 2.864683861324448522e-01 7.371643171948904637e+05 4.016555328759220429e+05 2.089787679075682192e+01
        redesign_dl_06.0_51321.dat 1.084202172485504434e-19 3.941950152697343973e-02 1.060147987268482893e+03 1.070010680730119788e+02 1.471094648867915744e+00 1.801190557583687405e+04 8.596859196729736141e+03 2.625565255474432888e+03 8.261556185286480058e+02 8.455935787221046667e+02 2.566444679244074450e+03 8.698480535787122790e+03 3.080724931531243271e+00 2.828839954818503921e-01 7.861827075342278695e+05 5.306542529708271613e+05 2.097720123289865057e+01
        redesign_dl_06.0_52263.dat 1.084202172485504434e-19 3.826122667162026175e-02 9.935063168407360763e+02 9.626181836545671899e+01 1.411638390240080421e+00 1.932245567107497482e+04 9.143265334577850808e+03 2.213077173926127671e+03 8.094996539734693215e+02 7.967086139990246920e+02 2.335048023130660567e+03 8.871211038781279058e+03 2.462961840243009792e+00 2.345705299340312133e-01 7.408898116476602154e+05 4.834287730598663911e+05 2.099222961569246593e+01
        redesign_dl_06.0_55769.dat 1.084202172485504434e-19 4.491414653989068279e-02 1.208900968176083779e+03 1.136356773178880388e+02 1.458893734395426911e+00 2.461965934362388725e+04 9.384940531121737877e+03 3.002421825883183374e+03 9.962700984119614986e+02 9.057505418439598088e+02 2.841889280682906247e+03 8.920536586753609299e+03 3.135736880358417356e+00 2.908277658802632115e-01 8.425632051351279952e+05 5.364033612898411229e+05 2.101198057096445027e+01
         redesign_dl_07.0_2336.dat 1.084202172485504434e-19 7.969086863578583868e-02 2.411859851899486785e+03 2.398144684412424681e+02 1.599558190865622009e+00 4.358717289700415131e+04 2.151466370102161454e+04 4.604007286850320270e+03 2.143148904623677481e+03 2.070649706520903237e+03 5.293468763712082364e+03 8.823232751348035890e+03 2.919896764093619090e+00 2.784362261660163762e-01 1.925891697773839114e+06 1.595553675816146890e+06 2.130137581481649889e+01
        redesign_dl_07.0_40743.dat 1.084202172485504434e-19 4.648034263630227564e-02 1.391834438223241023e+03 1.446585166014341439e+02 1.488611300922177749e+00 2.877411144392176720e+04 2.291845400291203259e+04 3.160577061433474682e+03 1.329386352799330552e+03 1.179351938557423182e+03 3.344481312887901368e+03 8.862210511101644443e+03 2.161072236804822744e+00 2.118926106305918100e-01 1.096966537334213732e+06 8.737980660343528725e+05 2.124584607210464782e+01
        redesign_dl_07.0_45626.dat 1.084202172485504434e-19 4.663606003970680730e-02 1.365630290451459359e+03 1.385763644560334171e+02 1.451463477464103757e+00 2.829470682554714949e+04 2.089658294240187388e+04 2.882795751867791296e+03 1.221129643515661428e+03 1.139010239780862094e+03 3.039824384624154391e+03 8.796485610112249560e+03 1.891604621917918561e+00 1.806274894631676176e-01 1.059250797737309476e+06 8.116125956164203817e+05 2.133064060406067952e+01
        redesign_dl_07.0_52870.dat 1.084202172485504434e-19 4.168963149490088893e-02 1.347415949479873916e+03 1.235959945957270207e+02 1.504076406159777335e+00 3.776159783692106430e+04 3.538253444824348117e+04 4.134283657767901786e+03 1.329161814263598444e+03 1.032654844215450794e+03 3.327862977011162457e+03 8.739331866266891666e+03 2.722828063881481242e+00 2.634497337095966230e-01 9.602585801057973877e+05 7.430199870508102467e+05 2.112440194752156941e+01
        redesign_dl_07.0_52899.dat 1.084202172485504434e-19 5.902092083780341447e-02 1.636692978715272602e+03 1.701753887915446057e+02 1.495515815667671111e+00 3.438683638431040163e+04 2.245912132336597278e+04 2.871188048670227545e+03 1.451203901152357048e+03 1.397399065666061688e+03 3.684615020252246723e+03 8.917749803868076924e+03 2.384204323334238040e+00 2.287924298957035307e-01 1.299482353938788874e+06 9.678132665840865811e+05 2.117932860417079510e+01
         redesign_dl_07.0_8564.dat 1.084202172485504434e-19 6.973454375541807138e-02 1.785148821617771091e+03 1.963763681566999253e+02 1.567212921747558774e+00 3.553242232323764620e+04 1.528569655987539045e+04 2.974226437281586186e+03 1.658655495251644879e+03 1.626650584585524257e+03 4.079053300644143292e+03 8.758786381290181453e+03 2.452465917906392789e+00 2.277850138637755317e-01 1.512790379269833211e+06 1.122203516347392229e+06 2.110377043767612193e+01
        redesign_dl_08.0_15536.dat 1.084202172485504434e-19 6.723007086201285287e-02 2.108842951407363671e+03 2.176001752810873029e+02 1.676550481256046554e+00 4.098911828335586324e+04 2.422270878252848706e+04 4.379159028957587907e+03 1.828362153650620712e+03 1.782485683795980322e+03 4.692372450231261610e+03 8.749796843051581163e+03 2.303735398357736219e+00 2.209716039993138148e-01 1.657538536466477206e+06 1.433484741318516200e+06 2.143488472722747318e+01
        redesign_dl_08.0_22441.dat 1.084202172485504434e-19 5.620766791271594037e-02 1.818934578880082654e+03 1.886302879775196573e+02 1.585279381137089105e+00 3.735297929549891705e+04 1.749469478881727264e+04 3.727381384147506651e+03 1.681165599316650514e+03 1.559870780724889300e+03 4.016469104026639798e+03 8.942869237615592283e+03 1.981125611727821090e+00 1.911374732142930577e-01 1.450961155729237245e+06 1.265378759488300653e+06 2.141433578584543795e+01
        redesign_dl_08.0_32293.dat 1.084202172485504434e-19 5.598897298652349280e-02 1.769656701258886642e+03 1.759041993459010769e+02 1.585063596794557661e+00 3.925263207578087167e+04 2.078617753454093690e+04 3.332587732695987143e+03 1.493357698861176459e+03 1.453905594493483477e+03 3.880892372683558278e+03 8.969115637305516429e+03 2.173094312617751545e+00 2.096825072214867081e-01 1.352001874435322126e+06 1.110148527881449787e+06 2.143577560700697759e+01
        redesign_dl_08.0_41120.dat 6.914847193154975528e-03 7.492339533575194388e-02 2.161006671564281078e+03 2.461701473609827246e+02 1.706975230393656284e+00 4.154465379742821824e+04 2.199520186646847651e+04 3.664341009155747997e+03 2.042842077978728184e+03 1.908746987051405540e+03 5.240913173988433300e+03 9.231666342057236761e+03 2.287329345236218003e+00 2.206834882343797766e-01 1.775271271043098066e+06 1.697155127036032500e+06 2.130571765401569451e+01
        redesign_dl_08.0_46290.dat 1.084202172485504434e-19 4.879048414596540151e-02 1.648925830073531415e+03 1.616091638262888068e+02 1.645908677819167165e+00 3.426874920991586987e+04 2.818989915362689862e+04 3.629579117755984953e+03 1.477391977811446623e+03 1.300040905250441256e+03 3.824393174549972173e+03 8.971976704434757266e+03 2.451710521980294377e+00 2.356038220077889822e-01 1.209252924898206489e+06 1.013091869726664969e+06 2.138758522949441954e+01
        redesign_dl_08.0_60415.dat 1.084202172485504434e-19 5.046703736784397681e-02 1.545281555220476548e+03 1.650962370702240491e+02 1.625518083767828692e+00 3.230074931785761146e+04 2.326017618802965080e+04 3.006833937408816382e+03 1.510226605652165972e+03 1.348315851064187427e+03 3.605625852817011037e+03 8.944128337573825775e+03 1.960721431156049244e+00 1.917357863408540586e-01 1.254082058576555923e+06 1.051141876657741377e+06 2.130662291177706535e+01
        redesign_dl_09.0_21716.dat 2.129328158846061636e-01 9.069957020691679639e-02 2.621130386542727592e+03 2.944490903354830493e+02 1.716192289473814192e+00 4.210140553779039328e+04 2.363752598729157035e+04 4.798361416251885203e+03 2.396332341317513510e+03 2.271446573790759885e+03 6.130067305343975022e+03 9.138659210495532534e+03 2.194536291458437205e+00 2.162979731968158181e-01 2.112548856754325330e+06 2.139267832056625281e+06 2.157750290175793140e+01
        redesign_dl_09.0_40322.dat 1.084202172485504434e-19 4.751129378125125424e-02 1.641487035802643959e+03 1.734226138433883193e+02 1.691463579824269203e+00 2.935686315070828277e+04 1.615714947784883043e+04 3.677226958130665480e+03 1.460088355133599634e+03 1.373853918661056014e+03 3.844610185136555629e+03 8.975971520272985799e+03 1.759271688843419668e+00 1.718515534862210814e-01 1.277693619622310391e+06 1.228231240686594509e+06 2.158724128242166529e+01
        redesign_dl_09.0_43619.dat 4.209544031716360157e-01 7.168246143188836128e-02 2.355548984652901709e+03 2.419970431225170273e+02 1.791481344588568003e+00 3.928282290193235531e+04 1.657304370542449760e+04 5.207021025543815995e+03 2.003116592303366360e+03 1.906401674451861027e+03 5.524227666067521568e+03 9.215177383909211130e+03 2.421299149605019796e+00 2.350629111232060142e-01 1.773063686830074759e+06 1.860664445047247456e+06 2.158386668138881603e+01
        redesign_dl_09.0_47165.dat 1.084202172485504434e-19 4.694617829938096953e-02 1.846876213164166757e+03 1.738523454455749118e+02 1.730005618339361950e+00 3.719057720091785450e+04 2.853006597399366728e+04 4.186060693369077853e+03 1.628308321607357129e+03 1.384758181167079329e+03 4.138774822933939504e+03 8.976034725315874311e+03 2.306948072734041233e+00 2.203359499444488834e-01 1.288089512998611433e+06 1.188615068462494761e+06 2.157109647115409601e+01
        redesign_dl_09.0_47952.dat 1.301033688435991431e+00 5.397331549815689161e-02 1.915395616941748131e+03 1.494126597045657547e+02 1.764311294226269755e+00 3.205963135958565545e+04 2.163346943130699583e+04 3.987785912332966291e+03 1.546726018930314012e+03 1.559039722691056340e+03 3.875724131467802636e+03 8.952971879876868115e+03 2.235987820782384450e+00 2.238062767635702888e-01 1.449371407995636109e+06 1.508261522691325285e+06 2.148058496377623072e+01
        redesign_dl_09.0_50292.dat 3.704324437226527711e-02 6.248524750076955847e-02 1.956897308287358555e+03 2.139311606067265075e+02 1.732954758574223986e+00 3.462307405404954625e+04 1.225514069159635073e+04 3.308356112918179406e+03 1.727871136404245817e+03 1.628536353101349050e+03 4.691607582643006026e+03 9.100235910525503641e+03 2.091715428821135259e+00 2.031746473868390190e-01 1.514702896635734243e+06 1.465452010630259523e+06 2.159583620602755616e+01
        redesign_dl_10.0_14324.dat 9.415849288833297859e-01 4.198081418175432511e-02 1.706023584428184904e+03 1.451820453548147043e+02 1.751233421175186100e+00 2.459557802036545399e+04 9.084954613368341597e+03 5.292187963792536721e+03 1.096194027353449201e+03 1.010573017992109726e+03 4.232216374700763481e+03 9.028323995493889015e+03 2.041103209981617539e+00 2.078524519817172289e-01 9.394448572855696548e+05 1.085686218147100182e+06 2.169375143483601320e+01
        redesign_dl_10.0_26862.dat 1.525596299051925397e+00 7.420661528304613175e-02 2.416203642329674949e+03 2.241648359716254504e+02 1.795947714943334939e+00 3.123616297477937769e+04 1.000851055482446463e+04 4.242306573644251330e+03 2.129868635637119496e+03 2.082583350146232533e+03 4.936265938705215376e+03 9.005428009588580608e+03 2.296894899061521667e+00 2.344679942719185284e-01 1.936800240769566502e+06 2.055804469324835809e+06 2.165385104120725401e+01
        redesign_dl_10.0_47824.dat 5.014779325689564526e-01 7.184673439470556922e-02 2.226719607695073591e+03 2.440344299630436069e+02 1.797505583992849543e+00 3.718664285800946527e+04 9.795799981375834250e+03 4.017718254578682718e+03 1.876990238650308129e+03 1.875336880028947007e+03 5.185131495518799966e+03 9.121806244576466270e+03 2.106959966599959433e+00 2.108068155112385877e-01 1.743907706934050657e+06 1.780940270528975641e+06 2.167574215974611107e+01
        redesign_dl_10.0_51321.dat 1.716325883531432339e+00 5.394955744046558282e-02 1.925215320309336903e+03 1.824335040818107814e+02 1.894234033825641816e+00 2.838769105296422640e+04 1.092223159607542220e+04 4.587036202128876539e+03 1.460563036510365009e+03 1.424568875578323514e+03 4.667188303292428827e+03 8.907008412167349888e+03 2.531434828315586749e+00 2.561328718838275509e-01 1.324656429504845524e+06 1.481767090113919461e+06 2.172807191107820302e+01
        redesign_dl_10.0_52263.dat 1.080215971223018601e+00 6.079630571305497111e-02 2.121958662871784782e+03 1.933732591018657274e+02 1.847741884668257395e+00 2.812980541863833787e+04 8.501047185229444949e+03 3.562218825246542110e+03 1.765409369660473203e+03 1.699520144884496858e+03 4.672814426560082211e+03 9.212109102522135800e+03 2.045767226932642568e+00 2.038692968748350987e-01 1.580526610134248622e+06 1.748313007508119335e+06 2.175784798371672579e+01
        redesign_dl_10.0_55769.dat 1.937555283190983912e+00 6.368100082273510376e-02 2.394533323388136523e+03 2.015317652826729216e+02 1.863708644267202841e+00 3.322185866544509918e+04 1.664555912082421492e+04 5.020312110097534969e+03 1.942294173705043477e+03 1.787484466619733439e+03 5.138953298152781827e+03 9.287495839943174360e+03 2.553870662986208906e+00 2.595357843717412960e-01 1.662366879427286796e+06 1.800059851836207556e+06 2.170643906629959474e+01
         redesign_dl_11.0_2336.dat 4.154973898332888993e+00 3.956035383249528747e-02 2.079743006215332571e+03 2.172179806211611321e+02 2.008256837270941730e+00 3.258841967311453845e+04 1.137388354812818397e+04 5.465547429342786927e+03 1.341665473925228071e+03 1.278552036549508102e+03 5.725732760491996487e+03 9.073617622248650150e+03 3.212192694999367770e+00 3.571977981996377616e-01 1.187118155699184630e+06 1.241392375196569366e+06 2.154131098426686108e+01
        redesign_dl_11.0_40743.dat 3.731321878455753804e+00 2.509657034219667585e-02 1.505987995009882070e+03 2.013360436490529253e+02 1.934476270461105818e+00 3.004760601717708414e+04 1.736428294407363137e+04 5.450303743455069707e+03 1.071357168729517525e+03 8.986740958316293018e+02 5.395367242787928262e+03 9.155559248893943732e+03 2.868319336408506892e+00 3.212249764729731560e-01 8.349409895420580870e+05 8.516905721318924334e+05 2.151954929633784630e+01
        redesign_dl_11.0_45626.dat 3.386703494596479569e+00 2.946817025124822201e-02 1.569141298480016530e+03 1.705880035382342044e+02 1.869403308532920027e+00 2.419774614235283298e+04 5.882065636951114357e+03 4.187366537034065914e+03 1.049273860179507665e+03 1.036291894767897475e+03 4.686764178011796503e+03 8.983616217593729743e+03 2.706433017934520180e+00 3.053222489581600696e-01 9.626205079533266835e+05 9.877738551663444377e+05 2.157466351568371010e+01
        redesign_dl_11.0_52870.dat 3.215054335059671420e+00 2.094198491480397245e-02 1.526804873546624322e+03 1.860216713152430827e+02 1.896862055741551201e+00 2.623837214132774534e+04 1.133914450325462894e+04 5.692166873967881656e+03 1.117118660517509397e+03 8.451069672717836738e+02 5.549108459161549945e+03 8.989871517729272455e+03 2.804356077260606650e+00 3.146297850029333709e-01 7.844162792254291708e+05 7.690006594305546023e+05 2.152184585372955539e+01
        redesign_dl_11.0_52899.dat 3.682128700516504427e+00 4.213246633445742045e-02 1.944290933078460284e+03 1.650782302496788247e+02 1.884304663899369237e+00 2.620521757060834352e+04 2.263431490191029297e+04 4.431619018128089920e+03 1.386229898795263807e+03 1.341797464364337202e+03 4.751350965494917546e+03 9.227379708731925348e+03 2.965543000141024788e+00 3.266229636357775856e-01 1.245940200340645388e+06 1.354698031844927697e+06 2.153303363300349460e+01
         redesign_dl_11.0_8564.dat 3.788562785165771718e+00 5.805636583381135196e-02 2.139203780559512779e+03 2.180046698140262151e+02 1.954913602018723218e+00 3.195617070167954444e+04 1.100744164625969461e+04 4.501580930096358315e+03 1.762408900776812970e+03 1.730731892038357273e+03 5.383711449706081112e+03 9.029115452480273234e+03 3.033264857395326253e+00 3.319780981741990433e-01 1.608725186872966588e+06 1.704040712591686752e+06 2.156512215213646755e+01
        redesign_dl_12.0_15536.dat 3.818585373498930124e+00 1.861218031516673893e-02 1.677379433165024921e+03 1.958447471518315410e+02 2.074662719357729834e+00 2.797562147289115819e+04 1.264206309307320407e+04 5.507784046237249640e+03 9.840260142549195734e+02 7.725017089451195034e+02 5.469335859691086625e+03 9.009495437193992984e+03 2.976316222150755753e+00 3.403211521700174047e-01 7.136033737599117449e+05 6.836786289714749437e+05 2.145387237464581531e+01
        redesign_dl_12.0_22441.dat 3.755982164839467785e+00 1.172001922692772653e-02 1.377619255417670274e+03 2.190061822745176414e+02 1.992658680573085483e+00 3.092304134422894276e+04 1.953312803444463134e+04 5.040252143257856005e+03 7.761925738643757313e+02 4.928302539064326879e+02 5.654757990152222192e+03 9.170477505960470808e+03 2.844460201499026120e+00 3.284634704697731444e-01 4.539638474207734107e+05 3.702865137108715135e+05 2.144491024283204439e+01
        redesign_dl_12.0_32293.dat 3.287481412545905979e+00 2.931202326964767180e-02 1.637884168896443498e+03 1.636965898504836332e+02 1.976247664101980384e+00 2.582183460836825907e+04 1.988652632990177881e+04 4.334529611830447720e+03 1.075109949205602561e+03 8.923731345686744589e+02 4.677088688842486590e+03 9.226125551405428268e+03 2.671336034629956835e+00 3.050950263551712727e-01 8.268041546875075437e+05 8.995845923272746149e+05 2.146479621849173469e+01
        redesign_dl_12.0_41120.dat 3.998018975978205880e+00 1.019600726406953359e-02 1.451087935366183501e+03 2.257213554508179527e+02 2.107786397753828478e+00 3.158380325089893086e+04 1.827680208734368716e+04 4.520388905098692703e+03 8.115399723696643832e+02 4.582511093608565034e+02 6.147084039618217503e+03 9.483591784556896528e+03 2.933067411793709223e+00 3.412458257522268390e-01 4.211825095213027089e+05 3.128717618625491159e+05 2.124979911164849966e+01
        redesign_dl_12.0_46290.dat 3.543355071538920154e+00 2.355231444229254414e-02 1.609029070401409626e+03 2.001042768143151136e+02 2.079626508686199138e+00 3.142945133849405829e+04 3.019597162589702930e+04 5.406555646641661951e+03 1.196729317954085673e+03 7.162242084236826258e+02 5.722474666190374592e+03 9.312828270698097185e+03 2.950371624666618064e+00 3.351650028729902253e-01 6.614467491942328634e+05 6.810374049679333111e+05 2.148689077065091269e+01
        redesign_dl_12.0_60415.dat 3.686462863437562909e+00 1.414365095043595456e-02 1.240845676259811398e+03 2.086076384922202180e+02 2.051230981174312351e+00 2.807506054590468193e+04 1.359394641311131818e+04 4.288028255873899980e+03 8.196678743644957876e+02 5.664227780410241166e+02 5.453264181626771460e+03 9.184304488434891027e+03 2.751875220729339766e+00 3.152018514498624024e-01 5.247415813704925822e+05 5.030038128656140761e+05 2.147506128014818216e+01
        redesign_dl_13.0_21716.dat 4.433714751496272477e+00 1.656772175033266806e-02 1.638510591085566602e+03 2.384574303423484025e+02 2.178096346391014126e+00 3.291768268975659885e+04 1.836875908788777451e+04 5.497535339656056749e+03 8.682495137253459916e+02 5.665483001235447773e+02 6.398959265110290289e+03 9.384363545862384854e+03 3.154592698953384122e+00 3.709356438731578609e-01 5.171452734350376413e+05 4.526642633076179773e+05 2.121973427933991729e+01
        redesign_dl_13.0_40322.dat 2.363717523577602453e+00 9.089335089015592242e-03 1.243613275916150087e+03 1.365276933067590903e+02 2.087810501631978788e+00 2.183920124967199081e+04 1.761319334818196148e+04 5.032595116067488561e+03 6.457293022080752962e+02 1.865163144105445383e+02 4.566731983673288596e+03 9.191130366614293962e+03 2.126384331300575692e+00 2.526508238441503296e-01 1.556879726530165935e+05 6.755992772381757277e+03 2.119150580789035487e+01
        redesign_dl_13.0_43619.dat 3.167351861046592720e+00 1.322522324185745370e-02 1.643258017799116033e+03 1.842524581682649227e+02 2.188693515411038071e+00 2.738091112259981310e+04 1.862732184646030146e+04 5.956706896783583034e+03 7.698617905247169801e+02 2.670871498020386525e+02 5.713090858342216961e+03 9.420756044779240256e+03 2.604248117683146901e+00 3.086246837767316342e-01 2.246922253251802758e+05 9.392410213653893152e+03 2.114485868179051664e+01
        redesign_dl_13.0_47165.dat 3.138350650577816037e+00 1.285348551782292820e-02 1.655229375646270455e+03 1.904219468349406839e+02 2.154079240311421284e+00 3.005396571808070439e+04 2.333211849584956508e+04 5.990456226792871348e+03 8.107158216361598306e+02 2.727967048887190913e+02 5.643508640035551252e+03 9.184068236525450629e+03 2.665506642433600248e+00 3.127068652455466391e-01 2.349930598357033159e+05 8.798786302995534788e+04 2.123566144999997363e+01
        redesign_dl_13.0_47952.dat 2.461154992257033047e+00 1.214570794330269154e-02 1.642511696987172400e+03 1.451827009351345623e+02 2.172593991518553480e+00 2.551358116424436957e+04 2.270001366394722936e+04 5.166870146541211398e+03 8.380786886536952807e+02 2.519477506831636049e+02 5.021715916570611626e+03 9.231535679673219420e+03 2.282209439694268038e+00 2.706009417961374730e-01 2.078863520457057457e+05 9.533460499105098279e+03 2.109833525816564759e+01
        redesign_dl_13.0_50292.dat 3.578518592733969328e+00 1.104367305242863299e-02 1.413233436239700268e+03 2.096195663025966383e+02 2.127607659166528276e+00 3.057640789491423493e+04 1.961840639930419638e+04 4.886310626286919614e+03 7.558144732076206083e+02 2.328278995856573204e+02 5.844318350031127920e+03 9.356593942339686691e+03 2.770885157662945630e+00 3.245971788343423592e-01 1.999981571878767572e+05 5.727560205483962636e+04 2.131681919806661440e+01
        redesign_dl_14.0_14324.dat 1.724328294030575526e+00 1.234075693196092817e-02 1.698146889124970812e+03 1.175443225821600919e+02 2.195454077646038726e+00 2.221577333181444919e+04 2.041512385784210710e+04 5.864303455450127331e+03 6.731508494884336642e+02 2.596065484411926718e+02 4.793685579956572838e+03 9.203120584331483769e+03 2.128123202725829444e+00 2.550069933732215799e-01 2.115766557672340714e+05 1.018851597615166247e+04 2.084526350322346389e+01
        redesign_dl_14.0_26862.dat 3.298770692191527854e+00 1.157263934284199873e-02 1.341497053466557418e+03 1.753833938120756386e+02 2.189036571663973252e+00 2.408926105828870277e+04 6.717695060743779322e+03 4.916394129863346279e+03 5.292121868766776061e+02 2.287209793946275909e+02 5.427681765527965581e+03 9.167205081307552973e+03 2.570333480866277664e+00 3.077352266495933519e-01 1.939320237977872894e+05 2.436522138247459588e+04 2.097920976564036621e+01
        redesign_dl_14.0_47824.dat 3.464080012514493045e+00 1.162479834769376656e-02 1.470410644511937335e+03 1.888710634464283942e+02 2.211185585046458346e+00 2.720154904121796426e+04 1.138962557435103190e+04 5.122854944278945368e+03 6.136783172233558616e+02 2.930980463453838638e+02 5.555761773825405726e+03 9.294055013509108903e+03 2.652294965883856381e+00 3.127857833356659234e-01 2.602378899550485658e+05 1.518957531211866590e+05 2.112655239568821841e+01
        redesign_dl_14.0_51321.dat 2.423123505003376810e+00 1.331835511272603211e-02 1.721415365391640307e+03 1.363625786015334427e+02 2.334460379818618314e+00 2.566174850248096118e+04 2.378136864601799971e+04 6.050071666629617539e+03 8.584988206798598185e+02 2.705582501965783990e+02 5.237104290064329689e+03 9.088562649589139255e+03 2.388796476464520868e+00 2.866193692998857956e-01 2.288198320745662786e+05 9.459532294327147611e+03 2.096705193713058080e+01
        redesign_dl_14.0_52263.dat 2.366737800650467793e+00 1.102139844584552192e-02 1.500795788288539597e+03 1.275167900295747074e+02 2.288250911586378944e+00 2.260410482236431926e+04 2.156493674345188265e+04 4.765304149026843334e+03 7.643572369027633613e+02 2.287916119670176727e+02 4.858333943095508403e+03 9.325055783230602174e+03 2.172481845597848515e+00 2.608652036582156941e-01 1.888107755007927772e+05 8.680783576164021724e+03 2.093938993867164555e+01
        redesign_dl_14.0_55769.dat 2.744355652182648431e+00 1.452209962519560894e-02 1.981586376284824382e+03 1.558482183631751354e+02 2.273402817349430283e+00 2.811480901324364822e+04 2.387516432123845516e+04 6.221512202207748487e+03 9.426145811483037278e+02 3.014788239377422769e+02 5.687694491815602305e+03 9.489288940262020333e+03 2.573021961168749261e+00 3.075011158558482172e-01 2.495795710561500746e+05 1.140287762822731929e+04 2.091626239182885527e+01
         redesign_dl_15.0_2336.dat 2.837720478243184186e+00 1.387379853203607287e-02 2.197157712685274873e+03 1.464859596806729769e+02 2.433990648176428184e+00 2.788253611327473118e+04 2.747600795209057833e+04 6.126470658275798087e+03 9.356739315967568018e+02 2.960328103272030376e+02 5.577923382461865913e+03 9.216301660218676261e+03 2.479965427796020361e+00 2.987491579457445812e-01 2.386041110782371834e+05 1.246662539779572035e+04 2.073126435941805568e+01
        redesign_dl_15.0_40743.dat 2.506624685906614580e+00 1.288956561318432489e-02 1.916364010438582454e+03 1.263155825160156382e+02 2.390910554644529729e+00 2.440957806595432339e+04 1.903903655534170321e+04 6.332922244406727259e+03 7.578776082758532766e+02 2.742853990544235785e+02 5.268382966367479639e+03 9.263641977804336420e+03 2.351922295881391456e+00 2.849040896705851145e-01 2.224360802700939239e+05 1.138973977411634587e+04 2.067623774290990113e+01
        redesign_dl_15.0_45626.dat 2.474091214875151934e+00 1.296508348137374693e-02 1.811242804226717681e+03 1.274915686608335079e+02 2.289871175777613121e+00 2.252971113570625312e+04 1.112656834695529506e+04 5.256258665142973769e+03 5.968376925507598116e+02 2.614702249894945112e+02 4.766887879741789220e+03 9.062835420545032321e+03 2.201873438764963442e+00 2.685254983216149305e-01 2.193062486533492920e+05 9.862956839926857356e+03 2.076081120021401105e+01
        redesign_dl_15.0_52870.dat 2.203840287402750953e+00 1.342340747090599480e-02 1.877319280408013356e+03 1.263024816512620134e+02 2.310188776590880622e+00 2.430897193615895958e+04 1.946747959026860917e+04 6.679186170680501164e+03 8.435977704010147136e+02 2.871409290300971975e+02 5.368200869066517043e+03 9.123652495628432007e+03 2.303601682556465136e+00 2.782932189532195122e-01 2.307742913685791427e+05 1.245509534748862825e+04 2.065830785151419846e+01
        redesign_dl_15.0_52899.dat 2.731451708474306628e+00 1.208857825875429143e-02 1.966559904264409624e+03 1.378621772165668347e+02 2.301543566585216638e+00 2.442520966219645925e+04 1.918924343191353910e+04 5.491532451158033837e+03 7.386127754274475592e+02 2.596093312354851150e+02 5.226878759436989640e+03 9.343124218809278318e+03 2.312026898774835804e+00 2.783403823138085320e-01 2.068476189403538301e+05 1.132249437565179505e+04 2.075368665417042280e+01
         redesign_dl_15.0_8564.dat 3.361908231901979516e+00 1.138438724826322697e-02 1.652700431591252709e+03 1.640485826252597121e+02 2.353274650184738359e+00 2.483456860925617002e+04 1.467915141790953567e+04 5.100107911871732540e+03 7.213385798007838048e+02 2.384089414817964894e+02 5.578421584695017373e+03 9.128843831540536485e+03 2.550701171832160163e+00 3.092165100887077078e-01 1.943319932139025477e+05 9.689946849341307825e+03 2.080805465700391821e+01
        redesign_dl_16.0_21716.dat 3.204451564602766922e+00 1.668246777314259799e-02 2.063004331280341830e+03 1.542777623607067596e+02 2.517571942683883623e+00 2.597405678277041443e+04 1.194454547382240526e+04 6.073355287045823388e+03 7.274348947858235306e+02 3.420792425613137766e+02 5.733310264638158515e+03 9.438190976622901871e+03 2.603950805426781923e+00 3.164910033730356509e-01 2.855766046666094335e+05 1.307464867379397947e+04 2.067630295672629970e+01
        redesign_dl_16.0_40322.dat 1.843307571863658234e+00 1.189865482216241610e-02 1.731456338409773480e+03 1.015515011409458026e+02 2.403806838738775653e+00 2.254359968877270876e+04 2.447260479065147956e+04 5.944513099701182000e+03 8.158855899036767596e+02 2.514292038040229897e+02 4.766877866454330615e+03 9.299580159987914158e+03 2.096203514525245559e+00 2.560286899403939054e-01 2.050133063642121851e+05 1.056314679880422227e+04 2.068119259499750129e+01
        redesign_dl_16.0_43619.dat 2.462012927898042491e+00 1.592889207327232923e-02 2.086559265540236993e+03 1.275424423048275884e+02 2.497976749480578018e+00 2.449256760979916726e+04 2.241964308190070733e+04 6.438818641118822597e+03 8.468778087621949453e+02 3.217219202592572742e+02 5.599165349918306674e+03 9.496083676358894081e+03 2.439355334771119210e+00 2.977289544751425265e-01 2.703365010255330126e+05 1.241306221980120608e+04 2.062860223494554646e+01
        redesign_dl_16.0_47165.dat 2.314473664542949116e+00 1.542073874205762002e-02 2.195687982172873944e+03 1.312461081314553155e+02 2.465831354104129236e+00 2.569060672499893917e+04 1.682489617209304197e+04 6.671036879751649394e+03 7.679404335665623194e+02 3.147914538269315585e+02 5.335001134550612733e+03 9.303560486112701255e+03 2.371621847937657623e+00 2.870594792405564144e-01 2.606502579468107433e+05 1.241134709906234639e+04 2.069462359465938661e+01
        redesign_dl_16.0_47952.dat 2.117527539883799825e+00 1.573071011165381658e-02 2.173603579698819885e+03 1.203510756480073383e+02 2.491314085946263024e+00 2.455786635326578471e+04 1.791109574856500694e+04 5.942860830865833123e+03 8.782648122216013462e+02 3.280110735783276823e+02 5.384695714972353926e+03 9.260760956083016936e+03 2.329508438567173823e+00 2.811246921655046749e-01 2.682335094708796823e+05 1.386416109168645926e+04 2.058533185826361489e+01
        redesign_dl_16.0_50292.dat 2.421250191089137083e+00 1.320308066857196413e-02 1.850900129451639714e+03 1.185849714676019460e+02 2.437857844950235275e+00 2.276103727400916614e+04 1.697934810501712491e+04 5.361710866290837657e+03 7.815906953213960833e+02 2.691294146771114129e+02 5.236311472698497710e+03 9.483799708776972693e+03 2.267935877485641516e+00 2.768516223012245092e-01 2.234234438673211262e+05 1.048577753505887267e+04 2.074023795666020220e+01
        redesign_dl_17.0_14324.dat 1.629767720507280027e+00 1.594347423523564261e-02 2.233897070193533182e+03 1.127018290920319714e+02 2.527806671847877329e+00 2.353245002961082719e+04 1.823737097874561732e+04 6.513372961991866759e+03 7.099554356871392429e+02 3.298738094262489540e+02 5.340273966242963070e+03 9.268300340912457614e+03 2.313404741003742604e+00 2.808887298844561231e-01 2.717008450738321990e+05 1.378963742633314723e+04 2.041838063650927282e+01
        redesign_dl_17.0_26862.dat 2.505703703459448928e+00 1.413560648712500548e-02 1.777125398228679160e+03 1.134633418316076785e+02 2.491387568524574103e+00 2.105240607333473599e+04 1.755763072294187077e+04 5.528016935859883233e+03 7.063188811852189701e+02 2.856130400888411600e+02 5.188658331290796013e+03 9.240221402501132616e+03 2.321969952516155011e+00 2.856259588099953617e-01 2.387011995612265018e+05 1.120860216285627757e+04 2.050385320348445006e+01
        redesign_dl_17.0_47824.dat 2.418414683440492041e+00 1.440526889765840826e-02 1.942809862428589213e+03 1.170217876252609273e+02 2.520924868472773195e+00 2.254004569690213611e+04 1.645886147622279896e+04 5.620815712716680537e+03 7.563058876083714495e+02 2.909323955931213277e+02 5.091018023461413577e+03 9.394868303409744840e+03 2.255947946512889768e+00 2.763377908289424423e-01 2.452473396395618620e+05 1.105361184860796675e+04 2.061548376697091811e+01
        redesign_dl_17.0_51321.dat 2.150520692446146409e+00 1.652284084242990406e-02 2.267050707811260963e+03 1.175231200424353233e+02 2.657149800521633853e+00 2.634603280489904500e+04 2.784587312668851155e+04 6.836151659073708288e+03 9.738171048608149931e+02 3.383184673391018009e+02 5.623557476312313156e+03 9.171238722825330115e+03 2.456085369916947592e+00 2.992673339181086689e-01 2.843348310993442428e+05 1.345807898788738567e+04 2.052843570165834919e+01
        redesign_dl_17.0_52263.dat 2.059633426020692770e+00 1.404112886695853962e-02 1.958455708516096365e+03 1.046291464703309799e+02 2.609866467617225183e+00 2.156656482969496210e+04 2.034072965119350192e+04 5.489427253629546613e+03 8.080135064338212487e+02 2.903167733424292578e+02 5.158792258730246431e+03 9.497722562312503214e+03 2.214426474669022760e+00 2.702864835712480707e-01 2.383499804317563830e+05 1.233409204093114749e+04 2.049502361761437186e+01
        redesign_dl_17.0_55769.dat 2.365099491474237592e+00 1.814009879333336808e-02 2.528180544788222051e+03 1.289767541197559808e+02 2.579579976978945144e+00 2.732117056060416871e+04 2.318091837677767398e+04 6.957088952818532562e+03 1.009129066290516448e+03 3.754154941802792678e+02 5.883338843021148932e+03 9.538020888109016596e+03 2.538036368323890901e+00 3.079528868405336794e-01 3.109435208149258397e+05 1.537539611809854250e+04 2.048653462566879924e+01
         redesign_dl_18.0_2336.dat 2.509147730781448260e+00 1.708670349826905271e-02 2.748792476050735331e+03 1.276575554916832402e+02 2.774344234616724858e+00 2.646660991603414004e+04 1.891900508662998254e+04 6.736996916687727207e+03 8.881139628267233093e+02 3.583172345442187634e+02 5.887033825343881290e+03 9.320295880130150181e+03 2.518585616314953146e+00 3.053227141711036818e-01 2.892450055627994006e+05 1.657239642815013212e+04 2.035386056799250909e+01
        redesign_dl_18.0_40743.dat 2.319206361335497846e+00 1.610222190362735339e-02 2.545411861414315354e+03 1.167224983547420436e+02 2.733936739192682097e+00 2.588782837737122463e+04 1.717869907420559321e+04 7.050359689622227961e+03 8.304570441652012960e+02 3.420760929592017305e+02 5.678758283250973363e+03 9.396097694112126192e+03 2.464198858990684915e+00 2.989665083461630068e-01 2.766994845718325814e+05 1.601104681517066274e+04 2.031257127236370508e+01
        redesign_dl_18.0_45626.dat 2.302420663042786142e+00 1.674535103272695169e-02 2.396760532241441979e+03 1.146247501399152071e+02 2.619840546575336937e+00 2.432219791285946849e+04 1.340315038984392595e+04 6.099271894294030972e+03 7.098574134650739325e+02 3.373234651660404779e+02 5.163963501440220170e+03 9.177976716154929818e+03 2.300460264142107025e+00 2.818191929980680688e-01 2.835875767949878937e+05 1.339561735281132678e+04 2.038428539946470863e+01
        redesign_dl_18.0_52870.dat 2.092834032229151209e+00 1.716656600263256893e-02 2.425534548121986973e+03 1.166189637759890445e+02 2.631712356852492274e+00 2.599326821023335651e+04 2.280310259177909393e+04 7.546175525251792351e+03 9.580177054473818998e+02 3.644960764300321898e+02 5.833351988669347520e+03 9.199250028202191970e+03 2.461636884808663606e+00 2.983698479496674771e-01 2.945761033477303572e+05 1.683248660671959806e+04 2.030349093442170627e+01
        redesign_dl_18.0_52899.dat 2.469280568003067167e+00 1.499097711383629711e-02 2.559067407340708542e+03 1.205380524573245538e+02 2.634585519669526921e+00 2.697787070929765832e+04 2.840427724890081663e+04 6.350577895887397062e+03 9.261554736678884865e+02 3.259307220619461987e+02 5.496192211161399428e+03 9.433246683760453379e+03 2.368311854764528768e+00 2.874841019588785240e-01 2.579089030365173821e+05 1.573439685770338656e+04 2.036399850376067278e+01
         redesign_dl_18.0_8564.dat 2.850232171739522258e+00 1.410750882449070612e-02 2.204807290252480470e+03 1.246296529058276974e+02 2.667026904806625076e+00 2.405575413946908157e+04 1.474174617803624642e+04 5.785447903697660877e+03 7.912268586209786463e+02 2.987721179146060990e+02 5.629749347322708672e+03 9.184086518790976697e+03 2.441159514095236016e+00 2.995359409462409750e-01 2.405893353287208010e+05 1.353478227478648478e+04 2.038989709605479206e+01
        redesign_dl_19.0_21716.dat 2.929599209051469977e+00 2.030868615283602796e-02 2.628241036006396826e+03 1.313386791224030503e+02 2.842095910765772615e+00 2.669054656596102723e+04 1.396491083243678440e+04 6.654324915280515597e+03 8.049528451218726559e+02 4.181355863825918959e+02 5.919693701393245647e+03 9.499960242690614905e+03 2.627232579800530043e+00 3.178332361527361760e-01 3.501543616381526808e+05 1.683496034099341705e+04 2.030890409978317379e+01
        redesign_dl_19.0_40322.dat 1.767605848504993693e+00 1.516183664956262563e-02 2.284915469150721947e+03 1.012610884542873606e+02 2.716819489867001280e+00 2.421132608348511349e+04 2.234423670559089805e+04 6.795756419620279303e+03 8.602390815347140460e+02 3.207636455336268000e+02 5.366699995753656367e+03 9.323948548811245928e+03 2.340602195750060677e+00 2.854037859601953331e-01 2.586388137249498977e+05 1.448109472095969249e+04 2.031943713771162052e+01
        redesign_dl_19.0_43619.dat 2.339548004109841095e+00 1.968981909293692975e-02 2.531895655043451370e+03 1.160678239005381016e+02 2.802982134509119483e+00 2.542646601730081966e+04 2.402764194888212296e+04 6.865003515669633089e+03 9.143478289394696503e+02 3.972394021046648049e+02 5.799227568926265121e+03 9.600520175046274744e+03 2.453583165432192903e+00 2.983393286576069836e-01 3.335406422132386942e+05 1.597256989204513411e+04 2.028564090410894494e+01
        redesign_dl_19.0_47165.dat 2.194466593389031495e+00 1.896736980835157793e-02 2.748599875270223492e+03 1.235204804917583772e+02 2.767201047377854550e+00 2.724752430760226343e+04 1.806018452276306198e+04 7.195570159664793209e+03 8.393270615209722791e+02 3.866275104184292672e+02 5.713395035646789438e+03 9.286154840664845324e+03 2.427931851508407846e+00 2.941227363538975736e-01 3.203008933564104373e+05 1.610389935827727822e+04 2.034070267110908503e+01
        redesign_dl_19.0_47952.dat 2.064513701368957843e+00 1.943866457288334279e-02 2.758759844949205672e+03 1.186203493100515658e+02 2.802476719059347143e+00 2.716437581518277148e+04 1.572174117537020174e+04 6.627353008433500690e+03 9.608590473696232266e+02 4.030631874500015215e+02 5.874765845366962822e+03 9.352365383392512740e+03 2.451962412235020761e+00 2.952250604050504768e-01 3.326236151987254270e+05 1.804077113316382747e+04 2.024730130281664131e+01
        redesign_dl_19.0_50292.dat 2.290885253802290578e+00 1.687470215670438742e-02 2.383622421713210315e+03 1.094458186671530768e+02 2.746948705544278724e+00 2.374048220017879066e+04 1.777301849245282210e+04 5.950352220378716083e+03 8.615843993227666715e+02 3.429344443837884455e+02 5.637686580952364238e+03 9.541151800907280631e+03 2.428111702769907065e+00 2.967443843811087834e-01 2.849673327659745119e+05 1.425055426663877734e+04 2.037456674689348191e+01
        redesign_dl_20.0_14324.dat 1.650384989093196531e+00 1.981267020546948962e-02 2.815309478422715983e+03 1.162796826492575804e+02 2.863704019507402609e+00 2.623172751092229737e+04 2.459091896570631070e+04 7.125318576361081796e+03 8.639079753917619655e+02 4.101053847004712907e+02 5.923096194213417220e+03 9.309621334674249738e+03 2.516684783521407454e+00 3.031370560546617354e-01 3.382855153158447356e+05 1.807922792993228722e+04 2.010544472780177117e+01
        redesign_dl_20.0_26862.dat 2.357777042069536311e+00 1.749099296372379903e-02 2.305680633546479385e+03 1.044595910172377700e+02 2.795633321565297980e+00 2.169659759940421281e+04 1.554138328176511277e+04 6.088471551527441079e+03 7.580399730458457270e+02 3.517088557488272613e+02 5.561874561931587778e+03 9.295765312391526095e+03 2.453622251339329541e+00 3.002441434462528869e-01 2.942052736406381591e+05 1.435800999886896716e+04 2.019020232297222250e+01
        redesign_dl_20.0_47824.dat 2.279603331517278786e+00 1.788544462363321486e-02 2.458019883054667389e+03 1.089234707193755298e+02 2.831912519442392195e+00 2.434141633062662731e+04 1.942995314906743442e+04 6.124725437151183542e+03 8.687124259620276234e+02 3.622729763093796009e+02 5.487897278666838247e+03 9.427681301430044186e+03 2.404575032748729857e+00 2.925837269409487518e-01 3.044090619022998726e+05 1.471029118085328628e+04 2.028054284867895873e+01
        redesign_dl_20.0_51321.dat 2.082960769735530349e+00 1.998215959704981864e-02 2.852851921066841442e+03 1.167131477548120841e+02 2.974729729642298981e+00 2.819798333124649071e+04 2.370714148792809283e+04 7.502244716752392378e+03 9.836764908499196736e+02 4.106879378167795380e+02 6.047919144605395559e+03 9.228982074829844350e+03 2.618203714029496698e+00 3.150639328179495324e-01 3.421289289880759898e+05 1.746220185235573445e+04 2.020747526400183247e+01
        redesign_dl_20.0_52263.dat 1.995747654320089604e+00 1.742400714635522138e-02 2.486130384138959471e+03 1.031610915612475026e+02 2.929673469136735875e+00 2.342534502367000823e+04 2.586205321225162697e+04 6.199900570592121767e+03 9.423219516446698663e+02 3.614772502137140009e+02 5.663914392757229507e+03 9.589621372808580418e+03 2.394887038558072057e+00 2.911945358990749022e-01 2.963948450044820202e+05 1.625249866162532271e+04 2.017396799184536604e+01
        redesign_dl_20.0_55769.dat 2.276925467781328649e+00 2.224456932526026540e-02 3.154263251906147616e+03 1.268174008916973889e+02 2.887753057135150847e+00 2.906634288387957349e+04 2.374866042844342883e+04 7.603911902611666846e+03 1.092189678157812750e+03 4.590382101051774271e+02 6.335062642509613397e+03 9.616773633342574612e+03 2.716163372498341388e+00 3.240001955418770896e-01 3.805871270151567296e+05 1.962517378461448243e+04 2.018697660374993674e+01
         redesign_dl_21.0_2336.dat 2.393807066747683621e+00 2.051638443000508572e-02 3.378953231600571598e+03 1.271360529962370265e+02 3.086628046736131559e+00 2.889587769645122899e+04 2.221675594997649387e+04 7.298957839096859971e+03 9.875613627649252066e+02 4.301760028179994038e+02 6.375419740113014996e+03 9.368970863087026373e+03 2.719499803870434995e+00 3.243836336350781613e-01 3.475593271359066130e+05 2.016507432685140520e+04 2.008416085365495718e+01
        redesign_dl_21.0_40743.dat 2.237592679300112408e+00 1.921692464242925891e-02 3.203306613122316321e+03 1.181766246229520902e+02 3.041404779898429833e+00 2.883947363681770730e+04 1.981836600806512797e+04 7.686374021854272542e+03 9.279029654621003829e+02 4.128578782564530343e+02 6.141495644748171799e+03 9.442660014758797843e+03 2.669813871194625321e+00 3.178621760319153000e-01 3.312486491646309732e+05 1.988065816179082321e+04 2.003874233284440365e+01
        redesign_dl_21.0_45626.dat 2.253938801219926180e+00 2.063523406279090325e-02 3.067580339930882019e+03 1.160172260008343699e+02 2.924870643151513683e+00 2.681287697158469018e+04 1.551074621575775382e+04 6.852115969975821827e+03 8.106151228649065388e+02 4.163168118362119117e+02 5.667283338342323987e+03 9.167830104562579436e+03 2.494968302266886706e+00 3.013873189709486144e-01 3.494891538101813640e+05 1.705341385639053260e+04 2.011497203961645042e+01
        redesign_dl_21.0_52870.dat 2.088274757719839503e+00 2.127174609666053484e-02 3.033161027934301273e+03 1.177537248749927272e+02 2.926081317579200203e+00 2.852487214493086503e+04 3.113195376677020977e+04 8.243103496410089065e+03 1.138153008703948444e+03 4.482619416780594861e+02 6.375489308751843055e+03 9.232616590262057798e+03 2.685869198409592151e+00 3.195045184446466124e-01 3.664619412830854999e+05 2.072253940781015626e+04 2.002924361762944017e+01
        redesign_dl_21.0_52899.dat 2.401333239792919461e+00 1.817156561332858647e-02 3.208083498886146572e+03 1.209847861309730064e+02 2.945545198812788978e+00 3.004565790961218227e+04 3.025764156944437491e+04 7.019963299596178331e+03 1.010755610825005760e+03 3.936227403168626324e+02 5.987829254824935560e+03 9.528709762348005825e+03 2.578851429781889415e+00 3.088256115835618099e-01 3.116186557456656010e+05 1.996902362840203205e+04 2.007762683317529806e+01
         redesign_dl_21.0_8564.dat 2.721741341392346580e+00 1.726679770452239915e-02 2.783232868295678600e+03 1.176554343426461031e+02 2.957374358748324994e+00 2.614033202322577927e+04 1.599119494076931369e+04 6.338109028418963135e+03 8.722754565847459389e+02 3.606217524573588662e+02 5.953315921988703849e+03 9.198552459353193626e+03 2.587504311153890679e+00 3.131475838631334607e-01 2.938952191109723644e+05 1.628455777326452153e+04 2.012072313262947176e+01
        redesign_dl_22.0_21716.dat 2.839764401895826573e+00 2.408127191472729176e-02 3.217436591676867920e+03 1.267149514876155791e+02 3.182750792024066300e+00 2.881269438705812354e+04 1.922556855083186747e+04 7.252281281609003599e+03 9.385286655337881712e+02 4.993220066450467698e+02 6.310234771042366447e+03 9.556657116157681230e+03 2.800812975700615048e+00 3.306857471494935585e-01 4.180948315151467104e+05 2.079935378060545554e+04 2.005792010114843293e+01
        redesign_dl_22.0_40322.dat 1.760919417352224459e+00 1.870234588463882269e-02 2.937725095892638819e+03 1.079085228223728734e+02 3.050589278445280605e+00 2.784203069114330356e+04 2.782249791727243064e+04 7.514427717343232871e+03 1.007509194074441439e+03 3.921804417607083906e+02 5.982859168692487401e+03 9.367593703275073494e+03 2.604182539787035289e+00 3.089675221677760653e-01 3.190213369052393246e+05 1.831525934245740427e+04 2.007088237066095360e+01
        redesign_dl_22.0_43619.dat 2.320662386282411394e+00 2.355004692634306632e-02 3.115995357208386849e+03 1.158716420990800628e+02 3.128244454305872946e+00 2.646903488683335672e+04 2.577248132472230645e+04 7.269815575629010709e+03 9.824428890579680456e+02 4.706442188848607771e+02 6.183050033309704304e+03 9.663869156669048607e+03 2.628566242014749754e+00 3.127344136964926857e-01 3.979367350548431277e+05 1.843954053373391434e+04 2.003486100404877135e+01
        redesign_dl_22.0_47165.dat 2.177832206475800003e+00 2.258917847057644035e-02 3.312674494090882490e+03 1.234082287181793163e+02 3.089694858704485458e+00 2.973031546488676031e+04 2.781255147278222285e+04 7.662893994130403371e+03 1.015159599932795913e+03 4.600796559292588768e+02 6.105627496801459529e+03 9.325015462785671843e+03 2.623174676959418861e+00 3.109505510442416854e-01 3.835588165706371656e+05 1.928211166593370581e+04 2.007124235990974270e+01
        redesign_dl_22.0_47952.dat 2.065801984061570007e+00 2.318329675747365926e-02 3.432239731270127777e+03 1.230006690362439628e+02 3.131127918123591147e+00 3.080389006421497834e+04 2.365125772930409948e+04 7.400520680757952505e+03 1.128625065806971179e+03 4.820478090790617216e+02 6.439115368085876980e+03 9.402872352365946426e+03 2.682864248366001014e+00 3.157104561269904464e-01 3.996637734379399917e+05 2.577677137013258107e+04 2.000265707478753896e+01
        redesign_dl_22.0_50292.dat 2.280761625886651434e+00 2.046043214298609234e-02 3.015245974819789353e+03 1.111474582430124229e+02 3.074443030763035267e+00 2.581695752626966714e+04 1.671305073251808426e+04 6.532569369442014249e+03 9.232994869016785060e+02 4.146479497247186146e+02 6.091046978483544990e+03 9.582381938304981304e+03 2.624382475770192791e+00 3.148056739486679301e-01 3.439408284743991098e+05 1.819017438497776311e+04 2.010907383866178932e+01
        redesign_dl_23.0_14324.dat 1.692051032318217185e+00 2.376752162809683475e-02 3.513287065261470161e+03 1.231471171684506629e+02 3.204279888876687021e+00 2.836382390670250606e+04 2.654489393914262109e+04 7.645618010032640086e+03 9.674632002468849805e+02 4.911767807866506246e+02 6.430425095357995815e+03 9.345377899045797676e+03 2.772287499684934264e+00 3.231151660671642278e-01 4.063358523761183023e+05 2.142080142256115869e+04 1.989718380658383268e+01
        redesign_dl_23.0_26862.dat 2.313389840153720289e+00 2.113194475381603363e-02 2.915128144378204070e+03 1.059264345192246708e+02 3.106011769975832060e+00 2.398546111944874428e+04 1.611833070251806930e+04 6.569572956970228006e+03 8.444906288655265598e+02 4.264018356772783136e+02 6.014146007754867242e+03 9.374326884300313395e+03 2.674166265870586923e+00 3.184012840318792281e-01 3.554397456641692552e+05 1.861474435703926792e+04 1.993884678779377850e+01
        redesign_dl_23.0_47824.dat 2.246840370095247508e+00 2.146118948888628419e-02 3.041899846904031619e+03 1.103935692552155672e+02 3.148943193696964737e+00 2.742078686242151161e+04 2.487948785601901545e+04 6.574006862333267236e+03 1.010020501215810896e+03 4.342908629743888014e+02 5.890123676689902823e+03 9.482373176545142996e+03 2.610989102068122403e+00 3.086030993981084269e-01 3.659656808435675921e+05 1.778717633375082005e+04 2.005489871318933837e+01
        redesign_dl_23.0_51321.dat 2.059429299987925788e+00 2.350573124952900703e-02 3.549813884377972499e+03 1.219756223198820919e+02 3.293067845342037003e+00 3.153840644583188259e+04 2.377326786720146629e+04 8.093688988280090598e+03 1.049378258894924329e+03 4.843874604148106755e+02 6.488056330553982662e+03 9.243660537994166589e+03 2.865238611985883033e+00 3.337825699980860872e-01 4.022941957863622811e+05 2.081074998826323281e+04 1.999268236448649105e+01
        redesign_dl_23.0_52263.dat 1.975936874661230025e+00 2.084632024185067642e-02 3.083767485699670488e+03 1.071967525699848807e+02 3.252286403176978258e+00 2.580356552790800197e+04 2.916781636872780655e+04 6.839811198596047689e+03 1.047957938722626977e+03 4.320429095815998153e+02 6.144157769998166259e+03 9.652838995671514567e+03 2.597208071344220492e+00 3.083795273898111700e-01 3.549604848307687207e+05 1.945093666152317383e+04 1.995391194841483085e+01
        redesign_dl_23.0_55769.dat 2.243865717901689205e+00 2.654408825713274259e-02 3.890123934526399353e+03 1.322313542600527967e+02 3.201977307522391403e+00 3.162487167840710026e+04 2.486029738957980226e+04 8.184178978856227332e+03 1.173380103332588760e+03 5.419426238263787354e+02 6.782793370636902182e+03 9.666083575866488900e+03 2.961362417988406381e+00 3.384020087252658238e-01 4.538077734451806173e+05 2.254797211584749311e+04 1.997558233393401750e+01
         redesign_dl_24.0_2336.dat 2.356507598501874856e+00 2.399283960005101773e-02 4.068472771098885460e+03 1.318196493056898362e+02 3.430211255811686399e+00 3.198722803998086238e+04 2.820557908607946229e+04 7.882000711243561454e+03 1.118604202281914922e+03 5.027444156326861844e+02 6.839706885825307836e+03 9.339773647035699469e+03 2.965811588950974631e+00 3.398242935593537295e-01 4.077298685605935752e+05 2.392231731074739218e+04 1.989405332050790065e+01
        redesign_dl_24.0_40743.dat 2.203214497084462486e+00 2.281910070521774719e-02 3.946443822379791072e+03 1.256467576122994245e+02 3.377690236454696571e+00 3.233435306940519877e+04 2.385222588190499300e+04 8.266259479260397711e+03 1.046642320788336747e+03 4.915613566077989276e+02 6.610924898739222044e+03 9.452157777276110210e+03 2.917370739352127096e+00 3.327026155453235434e-01 3.943964224990789662e+05 2.440189405686315149e+04 1.985440340187434316e+01
        redesign_dl_24.0_45626.dat 2.258897436130970160e+00 2.452626548896351399e-02 3.778028795760611047e+03 1.216147391408599248e+02 3.260700385646135402e+00 3.023967902301295180e+04 2.149211474280163020e+04 7.497459743698482271e+03 9.580005406099636502e+02 4.963628350320299205e+02 6.206490675729727627e+03 9.160679864372859811e+03 2.736010135529046927e+00 3.195158889103254518e-01 4.160320473129010061e+05 2.075901469476833881e+04 1.992654749764335165e+01
        redesign_dl_24.0_52870.dat 2.128973686139884691e+00 2.572936469603747528e-02 3.683518417659480747e+03 1.224458599267545367e+02 3.252398125745354474e+00 3.068790141591563952e+04 3.908611740714130428e+04 8.855490611650140636e+03 1.331462358816103915e+03 5.414410564981441212e+02 6.918830752811796629e+03 9.257909502961250837e+03 2.996780935190708650e+00 3.400185430185224678e-01 4.453751413359807921e+05 2.486722762356309977e+04 1.982100203747483391e+01
        redesign_dl_24.0_52899.dat 2.375529267159740332e+00 2.185625661239831014e-02 4.002687871773417100e+03 1.288838302391875743e+02 3.292419282697493621e+00 3.419167587638209079e+04 3.575136668135056243e+04 7.908568656369087876e+03 1.159427288733535988e+03 4.726422028273710794e+02 6.521483296865867487e+03 9.636484039289118300e+03 2.862360889645858997e+00 3.269934233806867097e-01 3.758034441591731738e+05 2.326749330368494702e+04 1.987408021041376927e+01
         redesign_dl_24.0_8564.dat 2.692105813326586716e+00 2.059771630628653982e-02 3.444596253640932900e+03 1.204398603594986383e+02 3.277955687826314080e+00 2.858121689025327578e+04 1.999017485796922119e+04 6.921269373776094653e+03 9.894441090426731762e+02 4.316796805130019834e+02 6.417808631587159653e+03 9.238807988245927845e+03 2.806749416945307551e+00 3.267975510535002792e-01 3.515326241449234076e+05 1.998080804099550005e+04 1.991525733376445118e+01
