Statistics: del4. Generated: 11/11/2021 17:02:22. No. files: 120.
                              File                       4                      10                      11                      13                      15                      19                      20                      22                      23                      27                      28                      29                      63                      66                      72                     102                     110
        redesign_dl_05.0_21716.dat nan 3.631741719925234840e-02 1.295161475361339626e+03 8.821508422650185821e+01 1.482300718888897473e+00 2.299202005857290351e+04 7.980324425159418752e+03 5.209821866658649924e+03 7.365803560194937063e+02 5.911402763128442075e+02 3.259953478948584689e+03 1.254317801024651635e+04 6.759031623701593716e+00 6.011585920122877180e-01 5.447519586219039047e+05 2.846481707355977269e+05 4.150592286575933088e+01
        redesign_dl_05.0_40322.dat nan 2.275581722028833381e-02 1.050803134370177304e+03 6.409592336537689050e+01 1.415211277456899452e+00 1.541351271573528902e+04 6.097152415949825809e+03 3.366738191739120793e+03 5.172340751142769477e+02 3.878796545539386784e+02 2.501594915929668332e+03 1.242907490068426341e+04 4.946431193524311709e+00 4.535998164082977180e-01 3.578655841446950217e+05 1.910109083825990092e+05 4.165418897842222634e+01
        redesign_dl_05.0_43619.dat nan 3.350010958421777152e-02 1.468015931594971562e+03 9.445205520314962655e+01 1.644391834861917756e+00 3.357544732280237804e+04 9.593640912455944999e+03 5.903778792097366932e+03 8.447534893312946451e+02 6.190059184643617982e+02 4.228942030432920546e+03 1.289205167061107204e+04 8.014851955934858552e+00 6.663942908870937876e-01 5.775857098358916119e+05 3.325145827541105682e+05 4.217477119126126439e+01
        redesign_dl_05.0_47165.dat nan 1.763537315480182693e-02 1.201650802788431520e+03 6.571499404239115449e+01 1.483082151972125340e+00 2.097458719650127387e+04 7.825469135062661735e+03 4.471642618482142097e+03 5.183942473030276687e+02 2.873476480824596706e+02 2.968406381484908707e+03 1.232356749738068538e+04 7.180402424844305465e+00 6.281321954975922495e-01 2.649164441293526907e+05 1.337482119653579430e+05 4.115687435796419891e+01
        redesign_dl_05.0_47952.dat nan 3.516648646558858532e-02 1.355647008572069126e+03 9.200341927561957789e+01 1.543665008055938426e+00 3.199214804863959944e+04 9.186794376027155522e+03 4.648906917470525514e+03 7.541615673276584175e+02 6.446216383759900737e+02 3.643732878290839835e+03 1.241571693243222217e+04 7.122226851885549159e+00 6.187798554940642237e-01 5.978554469092173968e+05 3.501192545941413846e+05 4.169116201355948448e+01
        redesign_dl_05.0_50292.dat nan 2.307086175037747003e-02 1.009087991650788240e+03 5.867601811438371584e+01 1.268461720906729040e+00 1.610442122302274038e+04 6.388895075565258594e+03 3.470039211709778101e+03 5.046809710979786701e+02 3.597333614825006975e+02 2.594079885239826581e+03 1.237548796637909072e+04 6.369693009674083584e+00 5.618443871259753974e-01 3.331956560596167110e+05 1.636190486489575997e+05 4.119806402226571151e+01
        redesign_dl_06.0_14324.dat nan 2.528832583106425599e-02 1.642871079740273672e+03 9.329083971083856852e+01 1.466255538453050900e+00 3.672267835895903409e+04 1.969439978834709837e+04 5.999286868578044960e+03 7.946285327062288388e+02 5.234515573888013478e+02 4.105311946581573466e+03 1.325157927919353460e+04 6.036915297836589644e+00 5.544541979077637350e-01 4.797348687885442050e+05 3.112796663948728237e+05 4.392540538554623453e+01
        redesign_dl_06.0_26862.dat nan 4.020919184732026780e-02 1.507559435112980054e+03 1.162766074837700785e+02 1.689485450609128581e+00 3.894271362865720585e+04 1.381541923796809351e+04 5.206716805387084605e+03 9.690775078651900003e+02 8.023933294936380207e+02 3.908220876670534381e+03 1.314163997862897850e+04 5.961089431772886194e+00 5.431377685588365534e-01 7.353125913675582269e+05 4.602255654950458556e+05 4.367787877131423357e+01
        redesign_dl_06.0_47824.dat nan 3.372089403672507563e-02 1.379246036432018172e+03 9.324548653607045878e+01 1.629816095297163869e+00 2.585144950546350810e+04 1.015327582499029813e+04 4.401355687289822527e+03 6.757564264138295584e+02 5.774306119155519355e+02 3.340915760130411400e+03 1.286549188702367792e+04 6.390728467913877608e+00 5.807414332561060544e-01 5.347393390762959607e+05 2.917290537922622752e+05 4.259329116377747226e+01
        redesign_dl_06.0_51321.dat nan 3.536840840529710539e-02 1.559762971003950270e+03 1.139877512106558726e+02 1.788459689660246044e+00 3.442980538226031786e+04 2.230525916951058753e+04 5.717382018977896223e+03 9.421117053936187631e+02 7.669957008699880134e+02 4.312893005031477514e+03 1.317830903191758262e+04 6.641135212378216579e+00 5.839095472179106627e-01 6.996070465876351809e+05 4.809233926525989082e+05 4.388976293670432227e+01
        redesign_dl_06.0_52263.dat nan 2.715725306213333592e-02 1.369961578166814206e+03 8.848981304998251574e+01 1.579174903570311539e+00 4.107520324899652041e+04 2.208045685814779063e+04 5.390899922867317400e+03 8.369644213082601709e+02 5.715169673936494519e+02 3.567063452284459345e+03 1.337650354783303192e+04 5.338165513003374940e+00 4.880431841550320060e-01 5.223421196882405202e+05 3.352633907292925869e+05 4.408798290651355956e+01
        redesign_dl_06.0_55769.dat nan 3.680892421992540409e-02 1.813091574771763817e+03 1.202289256532861685e+02 1.735262671738253992e+00 5.428314353308079444e+04 2.175598077443159127e+04 6.722522008124367858e+03 1.164653177972633557e+03 7.534777436289029993e+02 4.843011352643181453e+03 1.374604723940798795e+04 7.388943322898908761e+00 6.490507552188736762e-01 6.882435435910999076e+05 4.422129321707622148e+05 4.419046339612518892e+01
         redesign_dl_07.0_2336.dat nan 6.271076877264308846e-02 3.316062422229888398e+03 2.261138639253057931e+02 2.246730159003757610e+00 8.479601390231886762e+04 5.001910001918593480e+04 1.146808859069851133e+04 2.032299712816545025e+03 1.614252892983165111e+03 7.781596128044088800e+03 1.481079375604997040e+04 7.394060781925455572e+00 6.641368526343981449e-01 1.463836235293266131e+06 1.212451535783876432e+06 4.746622043011824843e+01
        redesign_dl_07.0_40743.dat nan 3.680449203588592733e-02 1.931005586196892409e+03 1.424261853658609596e+02 1.851400525849152601e+00 5.753302671939331049e+04 5.784531875629568822e+04 6.885000871671913046e+03 1.548766989717164279e+03 9.494210178343101916e+02 5.373357373358884615e+03 1.416133887535587564e+04 5.172857864285593799e+00 4.860941759958199437e-01 8.652321576805824880e+05 6.903367190492588561e+05 4.711209582010251751e+01
        redesign_dl_07.0_45626.dat nan 3.674512419073005381e-02 1.948283133494231606e+03 1.290607924602399805e+02 1.914433314636933892e+00 5.550727406006291130e+04 4.514415496810690092e+04 6.414335530634050883e+03 1.408271840440275128e+03 9.069968131532141342e+02 4.725130874944124116e+03 1.421864517996892027e+04 4.342225516291568610e+00 3.986804118791502649e-01 8.290493737993978430e+05 6.244186222855612868e+05 4.738134810595542490e+01
        redesign_dl_07.0_52870.dat nan 3.600975677584211665e-02 2.248841990225219433e+03 1.426442814485224346e+02 1.927679582345298570e+00 8.197534017473872518e+04 8.024418227712060616e+04 8.877138335903016923e+03 2.017925406573582677e+03 9.272632808040932559e+02 6.368635636204552611e+03 1.425006441896723663e+04 6.431638385639549149e+00 6.006605160540799959e-01 8.461418753746448783e+05 6.535841915344130248e+05 4.652204771616109724e+01
        redesign_dl_07.0_52899.dat nan 3.644832370336077709e-02 2.228624330055086375e+03 1.400955405928750679e+02 1.796009527963129182e+00 7.427550512007165526e+04 4.968138976310226280e+04 6.757336662225152395e+03 1.495725989756780791e+03 8.823425083690474366e+02 5.052709709636397747e+03 1.427106493040763962e+04 5.956876976738654683e+00 5.417712965465517616e-01 8.111414445955116535e+05 6.101635318505341420e+05 4.631935738907807121e+01
         redesign_dl_07.0_8564.dat nan 4.984030056627510030e-02 2.089478872362679340e+03 1.545939843248814611e+02 1.512109942274942664e+00 6.314478765719904914e+04 3.701031108703012433e+04 6.611419897421988935e+03 1.419431121642674043e+03 1.121922430240147833e+03 5.294040141742738342e+03 1.390033623095893381e+04 5.674445258409830828e+00 5.027659583586205905e-01 1.039922188186213025e+06 7.487633940282595577e+05 4.590336131162184330e+01
        redesign_dl_08.0_15536.dat nan 6.152295937416530497e-02 3.119723227147474518e+03 2.301522261442669333e+02 1.939511429391437503e+00 7.867857210131741886e+04 5.980146496803073387e+04 9.683885293448271113e+03 2.060276074345981215e+03 1.520784600890074444e+03 7.633363430542522110e+03 1.457951587019253020e+04 5.718188297259668040e+00 5.245485081166996189e-01 1.412833119950877735e+06 1.283651332933596335e+06 4.849839489644194401e+01
        redesign_dl_08.0_22441.dat nan 4.245163329038902783e-02 2.467960352476823118e+03 1.765702445928959321e+02 1.832043532458909940e+00 7.804143856165296165e+04 4.285230420693688939e+04 8.160041979780085057e+03 1.616609999670424259e+03 1.193087017523587292e+03 6.280169090008771491e+03 1.487497232191774674e+04 4.892010721719572963e+00 4.529460830802763405e-01 1.097152211495867930e+06 9.701270336787357228e+05 4.852889402894960824e+01
        redesign_dl_08.0_32293.dat nan 4.667286684691877852e-02 2.653892399651104370e+03 1.851896410017317294e+02 2.108335444900111710e+00 7.958240578112580988e+04 4.818208696847748797e+04 8.220814179129065451e+03 1.706788500099135945e+03 1.231237595942557846e+03 6.208789343809260572e+03 1.485309014329015372e+04 5.312790303032845607e+00 4.923616971239159201e-01 1.133118362708700821e+06 9.331448156245137798e+05 4.823900896882797440e+01
        redesign_dl_08.0_41120.dat 4.588885301100123493e-02 5.589588226859568132e-02 2.751280837766703826e+03 2.105864490648026219e+02 2.111670066689433245e+00 7.452917082597980334e+04 5.147682994573670294e+04 8.827968007718987792e+03 1.835489668391026271e+03 1.337461461790712065e+03 7.226489328370458679e+03 1.533400579274551455e+04 5.593432633670150089e+00 5.108424608576692671e-01 1.222600698958652327e+06 1.223215939247350674e+06 4.855728948448884097e+01
        redesign_dl_08.0_46290.dat nan 4.895311518961349695e-02 2.625168467543183851e+03 1.958059600496208930e+02 2.156008462192008146e+00 6.916963521275893436e+04 6.985312338624757831e+04 8.550699294397714766e+03 1.996007213599973738e+03 1.330094931501747624e+03 6.753355243160892314e+03 1.510773251009944579e+04 5.809498084882534386e+00 5.309333801827352817e-01 1.213315211520194076e+06 1.021045814566428191e+06 4.803164881893819427e+01
        redesign_dl_08.0_60415.dat nan 3.986327420233284902e-02 2.039363631895251729e+03 1.549674493394844319e+02 1.836090068283829702e+00 6.383521985778195813e+04 5.580972384826208145e+04 6.478001816591255192e+03 1.585181771018894779e+03 1.055164184825884149e+03 5.587958291896461560e+03 1.437278289928247614e+04 4.574022601934127685e+00 4.322507090263943419e-01 9.723019893434116384e+05 7.977876203684106003e+05 4.782123667443858039e+01
        redesign_dl_09.0_21716.dat 5.294164391001234815e-01 7.014364505439536768e-02 3.400920126304412406e+03 2.706326718501859432e+02 2.212185125619973380e+00 5.968969892611764953e+04 5.988320105293898814e+04 1.076885229511627585e+04 2.590308355932842005e+03 2.048261134361444419e+03 8.809891919067391427e+03 1.597593014232772111e+04 5.397564401420888558e+00 5.009961220408286620e-01 1.879949023080341984e+06 1.758095899152902421e+06 5.022832055295763354e+01
        redesign_dl_09.0_40322.dat nan 3.919321704116649624e-02 2.438416588279374082e+03 1.674298306649892254e+02 1.984680704546696317e+00 5.584768908562012803e+04 3.910235785554943868e+04 7.814898563070252749e+03 1.531325587002315842e+03 1.009997566030210578e+03 6.195838220178662596e+03 1.519263640538410073e+04 4.237982272732661926e+00 3.982405007208083547e-01 9.010326018383303890e+05 9.256444666434501996e+05 5.013141815279031732e+01
        redesign_dl_09.0_43619.dat 6.848663936385663842e-01 5.627371408819818732e-02 3.537456342399942969e+03 2.496406145610601754e+02 2.351239921442523251e+00 7.141697522240126273e+04 4.287251749956658750e+04 1.115750131541162591e+04 2.182095879306096322e+03 1.678973910769738723e+03 9.077827584192016730e+03 1.628759916885021084e+04 5.840715271957772181e+00 5.444764094215814865e-01 1.515941540833852487e+06 1.486877937598501332e+06 5.048436560029651332e+01
        redesign_dl_09.0_47165.dat nan 4.283287414275727123e-02 3.199489871301972471e+03 2.037340927165780329e+02 2.443149058507300797e+00 7.803709445881182910e+04 7.192174368711243733e+04 9.337524295575782162e+03 2.203561778719455560e+03 1.295461880127350469e+03 7.655061058089820108e+03 1.557987748224963798e+04 6.001092747198677024e+00 5.358589285024694115e-01 1.183350823816560442e+06 1.081024694746195804e+06 4.980072278787776696e+01
        redesign_dl_09.0_47952.dat 1.467547874969131749e+00 4.727228949596105206e-02 3.035035904923935050e+03 1.892680660351111044e+02 2.305330545443043277e+00 6.690404776797839440e+04 5.582579607176418358e+04 9.236910221322026700e+03 1.887397379074156333e+03 1.386260978855929125e+03 7.748405195817014828e+03 1.540933399756667495e+04 5.506821423376572433e+00 5.097068436353496823e-01 1.273827575229925802e+06 1.212989833213657606e+06 4.984301166964031893e+01
        redesign_dl_09.0_50292.dat 1.680026032159023519e-01 5.435186379089738951e-02 2.832147736209233244e+03 2.189166303647841119e+02 1.974164114452169549e+00 6.644053707349442993e+04 3.052036671269731596e+04 7.280382984718174157e+03 1.673677099791077126e+03 1.391028985751412847e+03 7.349450839482790798e+03 1.547402585168638689e+04 5.049359154850993292e+00 4.621895123390113991e-01 1.264503387021790026e+06 1.271883029651924502e+06 4.989573234677186520e+01
        redesign_dl_10.0_14324.dat 1.367069304855085043e+00 3.855423259913508954e-02 3.615887938942043093e+03 2.230046669987224561e+02 2.324482569707811308e+00 4.898047487999767327e+04 2.132315741450399219e+04 1.116336548080560169e+04 1.578445083735830394e+03 1.155085727651324987e+03 9.354110497026800658e+03 1.653873889056983535e+04 4.990274660547270535e+00 4.804983622558403056e-01 1.032317971758771921e+06 1.064125997221966274e+06 5.202293505481164004e+01
        redesign_dl_10.0_26862.dat 1.195800895796028662e+00 5.759623949461507852e-02 3.033936630161647827e+03 2.403102701320034100e+02 2.304933188830671220e+00 4.926706417697449797e+04 2.607135378010541172e+04 8.555013191852434829e+03 2.010855920787960713e+03 1.694208223174114437e+03 8.237851819963858361e+03 1.577262466588779353e+04 4.821041570231471063e+00 4.626705596334455550e-01 1.550625781924727373e+06 1.524866988034275128e+06 5.147742724120923441e+01
        redesign_dl_10.0_47824.dat 8.586312200814691931e-01 5.534867356109979264e-02 3.191498693000636194e+03 2.456676707511949473e+02 2.228967545053793131e+00 6.156365366278479632e+04 2.400684552127194547e+04 8.022547527819973766e+03 1.869269248167036039e+03 1.589252005768249546e+03 7.922470298982015265e+03 1.578384263928096698e+04 5.109742120368152563e+00 4.855601314485975539e-01 1.457930096908424515e+06 1.390268521646343404e+06 5.104476937145458493e+01
        redesign_dl_10.0_51321.dat 1.857963590223355332e+00 4.855810587718865923e-02 3.331773812963163891e+03 2.322807559996163036e+02 2.623036159228468112e+00 5.792455445150718879e+04 2.612071139159528320e+04 1.055876859318172137e+04 1.817481243218196369e+03 1.442422406336640734e+03 9.261412913096926786e+03 1.623629196363644587e+04 5.580433727955661283e+00 5.174866511761091470e-01 1.310703341153684305e+06 1.290639450099610025e+06 5.183012520348506058e+01
        redesign_dl_10.0_52263.dat 1.197053327761036012e+00 4.656955330134539273e-02 3.228339509825253117e+03 2.244391083092108943e+02 2.252478933113016168e+00 4.854316700339686213e+04 1.979795221990655773e+04 8.670104277269650993e+03 1.844190813159725394e+03 1.414309560127008126e+03 8.130208299322822313e+03 1.652989206818957246e+04 4.709982594931052979e+00 4.439384009219035088e-01 1.284280605467854999e+06 1.304488793631423963e+06 5.207406972505427944e+01
        redesign_dl_10.0_55769.dat 1.755829051994116430e+00 5.453001993788841872e-02 4.055503161632378124e+03 2.639267275021429668e+02 2.539998882959677129e+00 6.745935668049145897e+04 3.829611826113145798e+04 1.168012676809322511e+04 2.231352565744042749e+03 1.637111571588578499e+03 9.725640588181026033e+03 1.700483013700656011e+04 5.821310345439854039e+00 5.442335968937823676e-01 1.502643298824851168e+06 1.439466429535637610e+06 5.202023736064752057e+01
         redesign_dl_11.0_2336.dat 2.947804916584810808e+00 4.180997952685187868e-02 4.663836286885302798e+03 2.960634383605803350e+02 2.928283855037184136e+00 6.229752869455910695e+04 2.555614369272802287e+04 1.342707675901854782e+04 1.875303094099136842e+03 1.281781200945649971e+03 1.103844784815073399e+04 1.723985187254914126e+04 5.900624023236896498e+00 5.968816306970524677e-01 1.148434348661106778e+06 1.090376983182540396e+06 5.228217406706274772e+01
        redesign_dl_11.0_40743.dat 2.388596827523854493e+00 3.003694944737996322e-02 3.482433436234874534e+03 2.288111482130235856e+02 2.579003962099230662e+00 5.093599740863967600e+04 3.873596356455670320e+04 1.153123992133378488e+04 1.659801171246049080e+03 1.005863687020633279e+03 9.659780433505224210e+03 1.699150825237667232e+04 4.934375507547602346e+00 5.054541968027590482e-01 8.823822790476375958e+05 8.172870239769556792e+05 5.241518664078684253e+01
        redesign_dl_11.0_45626.dat 2.381925775534341927e+00 3.260665453098911259e-02 3.312988906458757810e+03 2.203777350155019974e+02 2.680571512157724268e+00 4.499933425297216309e+04 1.390461601372795303e+04 9.716275413702951482e+03 1.352696193555013224e+03 1.027055007721438869e+03 8.275848246093311900e+03 1.613594258958847240e+04 4.193996866747536245e+00 4.358620053195156330e-01 9.260885190308792517e+05 8.928409394145292463e+05 5.242659371074115882e+01
        redesign_dl_11.0_52870.dat 2.586092589465588620e+00 2.582591158300840198e-02 3.796694284947434880e+03 2.508481070047965602e+02 2.694392368507445124e+00 4.879691459406761714e+04 2.605046670090390762e+04 1.301273854248448515e+04 1.666904582750461032e+03 9.136649369634702680e+02 1.089314841100892045e+04 1.703540752132414127e+04 5.225667425517914744e+00 5.430169677589844479e-01 7.861489034301654901e+05 6.817985272876380477e+05 5.234318254023600758e+01
        redesign_dl_11.0_52899.dat 2.407390870868590937e+00 3.789988933985252023e-02 3.859940870463125520e+03 2.390243220630819394e+02 2.622802837916428764e+00 5.294581489198771305e+04 4.827395707987774949e+04 1.074390990720161790e+04 1.766365133975294384e+03 1.108282739384031174e+03 9.234628008723140738e+03 1.725133441160532311e+04 5.055484039172377209e+00 5.009558155252229472e-01 9.903978019484982360e+05 1.000353731275357306e+06 5.206612392684372992e+01
         redesign_dl_11.0_8564.dat 2.025763305738808917e+00 4.960563070652865281e-02 3.496956540651712203e+03 2.436719717178665974e+02 2.079054287159622927e+00 5.581388624061963492e+04 2.577908499041864343e+04 1.026533659392446498e+04 1.852117194595931551e+03 1.490207576594949842e+03 9.127942170339105360e+03 1.664877963275253205e+04 4.945445595371920078e+00 4.746201546642299096e-01 1.345728134785588831e+06 1.295721783861126052e+06 5.197977274147320514e+01
        redesign_dl_12.0_15536.dat 3.150266696587081583e+00 2.448220882457324138e-02 4.268967382933554291e+03 2.759952851299459553e+02 2.760427009359272876e+00 5.400580528303249594e+04 2.916079781954221107e+04 1.354303432073552904e+04 1.543023355081687214e+03 7.735093855585718075e+02 1.093620670427257210e+04 1.746954648257287772e+04 5.453855605814381668e+00 5.738276249086881053e-01 6.393703790580141358e+05 5.163292711465160828e+05 5.221595162560766568e+01
        redesign_dl_12.0_22441.dat 3.035939547102881164e+00 1.870295748346789688e-02 3.730896626855059822e+03 2.752844699103017092e+02 2.558899240640139627e+00 5.481797081165974669e+04 4.162331453378857987e+04 1.152315419132368152e+04 1.567890086249794194e+03 7.754083743708358725e+02 9.525695444803111968e+03 1.687232136044797517e+04 4.932656792794436029e+00 5.154921029975640945e-01 6.707197730434177211e+05 4.759175048006063444e+05 5.222031065002071415e+01
        redesign_dl_12.0_32293.dat 2.702721211921523814e+00 3.235307028509366856e-02 3.820949429134886941e+03 2.531392084319984406e+02 2.837628567629286724e+00 5.328351523510296829e+04 4.351365086299407994e+04 1.077705496016001598e+04 1.705336635010839245e+03 9.190574300182149727e+02 9.376447679605547819e+03 1.697685199175588059e+04 4.746631697726663823e+00 4.984642789087170844e-01 8.241396095858773915e+05 8.033687421751604415e+05 5.211984201119086890e+01
        redesign_dl_12.0_41120.dat 3.125971678546124899e+00 1.756650778862587151e-02 3.881573737229180551e+03 2.660419308147871789e+02 2.829165049155591305e+00 5.355864687711832084e+04 4.050221941238669388e+04 1.155718249392271537e+04 1.564464298757012784e+03 7.206101903177702752e+02 1.049389040795613801e+04 1.728851525627465162e+04 4.868882504738787809e+00 5.200326510962294257e-01 6.037529212287649279e+05 4.275933200949374004e+05 5.175551643034989269e+01
        redesign_dl_12.0_46290.dat 3.398469562740102035e+00 3.181660808143622898e-02 3.908452683891402557e+03 2.821409163629114119e+02 2.879187529219701780e+00 6.004976772493224416e+04 6.259543588071473641e+04 1.290642436343631016e+04 2.110590468674317890e+03 9.762551092906207941e+02 1.124866271849436089e+04 1.756865144293690537e+04 5.706735090997855586e+00 5.876890460694702556e-01 8.465283212477962952e+05 7.983395177740481449e+05 5.230023663963014258e+01
        redesign_dl_12.0_60415.dat 2.593711816694477701e+00 2.044370879926623794e-02 3.071683455901555590e+03 2.232350289372433565e+02 2.559099989547122700e+00 4.386382614789428771e+04 2.874030038462111406e+04 9.686031306907803810e+03 1.457248309675375594e+03 6.715334950199587638e+02 8.787098550134745892e+03 1.672981569377378401e+04 4.398541288121371018e+00 4.583951080404999878e-01 5.905436771234504413e+05 5.330295955145430053e+05 5.234808864254181771e+01
        redesign_dl_13.0_21716.dat 3.574131181471390750e+00 2.452488001819142296e-02 4.289332507906086903e+03 2.906684967437346359e+02 2.954506460180655214e+00 5.565398881586143398e+04 3.955557303715294984e+04 1.304028302685650851e+04 1.692645497395723169e+03 8.794687055129692226e+02 1.098907119645392231e+04 1.778613794032123042e+04 5.307020131127893947e+00 5.720306873191079999e-01 7.140923390146939782e+05 5.440796229652342154e+05 5.163685773173388327e+01
        redesign_dl_13.0_40322.dat 2.315670900391417319e+00 1.418427971652209442e-02 3.370984462850874024e+03 2.144241476238059931e+02 2.691446815249009639e+00 4.631739570838298823e+04 3.922525207271602994e+04 1.101293085485198935e+04 1.428005473200956203e+03 4.168543818325249504e+02 9.182943452079933195e+03 1.694167462229378361e+04 4.251275912252883593e+00 4.671441734016884562e-01 2.585517006383133412e+05 2.761881464120281817e+04 5.161376805458223771e+01
        redesign_dl_13.0_43619.dat 3.391683055972289473e+00 2.123930931290355165e-02 4.375323120395115438e+03 2.730674930101982341e+02 3.061659960397000724e+00 5.582911171752597875e+04 4.143944509411332547e+04 1.310273142656293203e+04 1.618673446100332967e+03 6.051994697503797624e+02 1.136109681773066768e+04 1.781750576714364433e+04 5.250860723421590492e+00 5.763623118781437960e-01 3.800716985801933333e+05 3.948162787702326023e+04 5.147845253172653912e+01
        redesign_dl_13.0_47165.dat 3.465772053846571943e+00 2.010989584052652948e-02 4.470277457320794383e+03 3.129554067476360615e+02 3.337743909103273232e+00 6.236815891868365725e+04 5.252206568756474007e+04 1.337311974029227349e+04 1.747600656341143122e+03 6.186516759975688728e+02 1.116794414687398057e+04 1.740430026560861006e+04 5.484558865263794658e+00 5.950594845680698963e-01 4.515279942426130292e+05 2.843850875150891952e+05 5.168714125710629759e+01
        redesign_dl_13.0_47952.dat 2.866971914832198376e+00 2.117146650123251372e-02 4.547203322269077034e+03 2.704182307095362034e+02 3.137661581598453431e+00 5.778462440929638251e+04 4.981204631891655299e+04 1.293374502399731136e+04 1.799505295886489876e+03 6.051590446930702001e+02 1.108029124468425834e+04 1.739827959801730685e+04 5.364308405556203141e+00 5.858475889253679236e-01 3.806885174618180608e+05 3.945169296747545741e+04 5.132240059207538962e+01
        redesign_dl_13.0_50292.dat 3.519074556511604612e+00 1.697297268231092587e-02 3.901579792760236614e+03 2.783115707149357831e+02 2.740337035978555047e+00 5.361180596046306891e+04 4.291600381580178509e+04 1.047520771852765029e+04 1.563970260728526227e+03 5.078590258780314457e+02 1.053153931582315090e+04 1.734039486960150680e+04 4.951622947587765111e+00 5.403244521346597384e-01 3.527844037250924157e+05 1.845938634991578874e+05 5.188665398116829408e+01
        redesign_dl_14.0_14324.dat 2.063599143675503900e+00 2.046691436016801965e-02 4.829718484310819804e+03 2.526241606121225516e+02 3.209651870642236116e+00 5.386265950405490730e+04 4.681763670982053009e+04 1.332153727608032023e+04 1.615238217860889563e+03 6.096831564367419105e+02 1.099444414293112459e+04 1.747336149417069464e+04 5.108526830790448336e+00 5.628562999218060803e-01 3.712160977562810876e+05 4.178761783507040673e+04 5.068861379258334665e+01
        redesign_dl_14.0_26862.dat 3.357042564486161673e+00 1.716170753036228014e-02 3.714765170412779753e+03 2.551309846979414431e+02 3.059335983216250998e+00 4.400796666258038749e+04 1.550096009012590912e+04 1.109651688504781850e+04 1.052894638759822556e+03 4.842408503852061017e+02 9.952143616367475261e+03 1.685325369523325207e+04 4.873172221818285799e+00 5.368340381667127126e-01 2.965871783027668134e+05 8.269807993583047937e+04 5.097918369247086190e+01
        redesign_dl_14.0_47824.dat 3.188864951768914047e+00 1.960007865770325639e-02 4.078103808749784548e+03 2.602611865756043130e+02 2.956474882487467593e+00 4.973084022158789594e+04 2.856837093459092648e+04 1.079231055079843100e+04 1.270345465274008120e+03 6.219377722571052800e+02 1.052517370847505845e+04 1.704385299693648267e+04 4.885160749838487249e+00 5.333742126605015565e-01 5.036632965381122194e+05 2.971536461047586054e+05 5.139335599103912955e+01
        redesign_dl_14.0_51321.dat 2.945463389580562641e+00 2.132599535731617701e-02 4.640591437166865035e+03 2.593741522156387873e+02 3.327971813437017978e+00 5.753010459617289598e+04 5.528072204226735630e+04 1.306318660926710072e+04 1.822095741592394006e+03 5.813201420395068908e+02 1.101569507833699208e+04 1.735124768627125741e+04 5.249945905489914466e+00 5.824212771934861310e-01 3.849588116488431697e+05 3.886235032066021085e+04 5.097215714032407874e+01
        redesign_dl_14.0_52263.dat 2.345959999329307433e+00 1.800151614113428347e-02 4.180458616622343470e+03 2.245902898859807806e+02 3.055292503253334679e+00 4.934870486985667230e+04 4.807054469848639565e+04 1.101826526980946801e+04 1.597542637782061547e+03 5.389345006033819345e+02 9.929612503220443614e+03 1.713202830347695999e+04 4.806304665861066638e+00 5.345915900466676751e-01 3.307300429741078406e+05 3.560247560143070586e+04 5.088339781223795200e+01
        redesign_dl_14.0_55769.dat 3.140145785638778442e+00 2.410019322866438149e-02 5.327033160843923724e+03 2.861285632579819662e+02 3.419585083423064553e+00 6.350133305365171691e+04 5.391269623867647169e+04 1.417127530502093578e+04 2.008303417576981474e+03 7.043508720709298814e+02 1.280491497487318884e+04 1.811446999013220193e+04 5.909610684022087668e+00 6.472994829111703430e-01 4.398877966511753621e+05 4.758507080100582971e+04 5.088692786905676257e+01
         redesign_dl_15.0_2336.dat 3.011297158907463967e+00 2.336808039194535405e-02 6.101982252502863048e+03 2.916419527735787369e+02 3.647065768328788593e+00 6.563509894630615599e+04 6.285604443936124881e+04 1.523328539092713254e+04 2.084892809237073834e+03 7.445536630513460068e+02 1.283155563118400278e+04 1.754244257835645840e+04 5.671955269870083249e+00 6.285310678957712893e-01 4.380813606137080933e+05 5.193415792900189990e+04 5.038970991558414880e+01
        redesign_dl_15.0_40743.dat 2.290817857017171999e+00 2.204066482318625675e-02 5.219952224219328855e+03 2.439421844991797741e+02 3.385896164104025718e+00 5.696563847683770291e+04 4.253546400668736896e+04 1.387119988527474561e+04 1.656057507454034749e+03 6.631284518354672173e+02 1.151304250314402998e+04 1.728308734174938945e+04 5.443526606559697001e+00 6.018694700298218292e-01 4.012485871630068868e+05 4.776952373420115327e+04 5.022102593141795523e+01
        redesign_dl_15.0_45626.dat 2.659009001420795215e+00 2.088243883972986520e-02 4.877263287618020513e+03 2.438960347875292882e+02 3.485641070186407120e+00 5.250611791973408253e+04 2.627229531514377231e+04 1.203529699753487512e+04 1.291125489253488468e+03 5.895743631157204163e+02 1.014569532753044587e+04 1.680239685621099125e+04 4.777049543118945252e+00 5.334973833176266389e-01 3.663393478905749507e+05 4.180843989445640909e+04 5.042353220491055055e+01
        redesign_dl_15.0_52870.dat 2.410510898115997058e+00 2.194481862216900517e-02 5.299722236787586553e+03 2.573032586307522251e+02 3.561805773451450108e+00 5.684940516014898458e+04 4.710934026932479901e+04 1.539583927534365102e+04 1.732471221603224649e+03 7.115031392990563290e+02 1.227311587060772581e+04 1.760086675556550472e+04 5.509172844857612716e+00 6.103812392145419041e-01 4.007878746093556983e+05 5.290125626531112357e+04 5.020989438050912668e+01
        redesign_dl_15.0_52899.dat 2.623706876700666157e+00 2.188267340793299126e-02 5.406216171197637777e+03 2.592952997930398169e+02 3.471224502342789009e+00 5.525396563675911602e+04 4.308574932754140173e+04 1.356920246489756209e+04 1.603750754439522780e+03 6.785926408102222922e+02 1.171584005453339341e+04 1.761695507146672026e+04 5.449829401449473920e+00 6.022989541013074044e-01 3.961238182598036947e+05 4.777775823984103772e+04 5.040419750813235567e+01
         redesign_dl_15.0_8564.dat 3.198135872744177099e+00 1.869446271207658369e-02 4.574769359448234354e+03 2.563799083563218346e+02 2.784316542154588348e+00 5.197161793517446495e+04 3.353681703130713868e+04 1.265403842483888729e+04 1.461223595100209423e+03 5.838444399444964574e+02 1.079372306199706873e+04 1.725471615264347201e+04 5.026833792330781314e+00 5.613591026747215551e-01 3.349590618229800602e+05 4.083708209840276686e+04 5.054919114131996594e+01
        redesign_dl_16.0_21716.dat 3.223990999084809239e+00 2.699782635602537145e-02 5.633796338064918018e+03 2.802965256601759734e+02 3.514343746237288180e+00 5.843982146474429464e+04 2.839785359765766407e+04 1.451772883382235159e+04 1.522117642315602097e+03 7.695868852676511551e+02 1.231878456288654888e+04 1.810906615702617273e+04 5.808414103120304262e+00 6.435883899666544616e-01 4.762750969584836275e+05 5.564477994923458027e+04 5.020193319698203993e+01
        redesign_dl_16.0_40322.dat 1.941683097465010555e+00 1.954709034225339537e-02 4.729525542626358401e+03 2.190075493303207281e+02 3.325954863389235072e+00 5.465404108456309041e+04 5.291630668248057918e+04 1.319487169176395764e+04 1.763164433657501377e+03 6.152427439460309415e+02 1.060922185880685538e+04 1.769134316928470798e+04 4.846550754830138530e+00 5.440659446786650921e-01 3.637038157940063975e+05 4.436391959495021729e+04 5.019280332999130678e+01
        redesign_dl_16.0_43619.dat 2.538970067901044292e+00 2.563788447211132193e-02 5.604999664448420845e+03 2.497732963014796042e+02 3.596267821031640111e+00 5.892049706840552972e+04 4.994771334532012406e+04 1.420654397350802537e+04 1.769073513603600077e+03 7.452412151173658685e+02 1.224740059572541395e+04 1.825358422936752322e+04 5.539965970917280380e+00 6.190858754452656099e-01 4.567146732994663180e+05 5.333000385645058850e+04 5.012550478087963057e+01
        redesign_dl_16.0_47165.dat 2.656132325245521564e+00 2.578500365231178176e-02 6.058968775878497581e+03 2.853073986244726825e+02 3.959837362916633463e+00 6.203226254873264406e+04 3.807200227993856970e+04 1.483904271032501674e+04 1.589369837727511822e+03 7.327188511745432606e+02 1.202072066801646179e+04 1.776120756920538770e+04 5.670714920360399702e+00 6.296146736778817088e-01 4.500693855421573389e+05 5.235594366123663349e+04 5.025008772009347524e+01
        redesign_dl_16.0_47952.dat 2.440667388211727129e+00 2.686882825176249712e-02 6.039084110918863189e+03 2.693051425837299462e+02 3.758828842486185096e+00 6.010933585534855229e+04 4.518940550249545049e+04 1.482336080099708306e+04 1.840652908423866165e+03 7.993884796961946222e+02 1.284549835134474415e+04 1.779637874122205176e+04 5.795810470223341504e+00 6.397233426930610811e-01 4.749955578622746980e+05 5.910121534056637029e+04 4.997983815619201664e+01
        redesign_dl_16.0_50292.dat 2.534938286462428803e+00 2.120312092112240296e-02 5.111426308420708665e+03 2.322980484545063007e+02 3.340005726256046525e+00 5.189102624764384382e+04 3.770203311991229566e+04 1.203567847931319739e+04 1.576501224688695174e+03 6.204858333886240871e+02 1.120720106651373862e+04 1.781110731617095371e+04 5.080368079820331673e+00 5.704538287708647015e-01 3.728649031682761852e+05 4.449746009483483067e+04 5.038924423590421497e+01
        redesign_dl_17.0_14324.dat 2.024824487945430906e+00 2.619248666200701264e-02 6.345370639611155639e+03 2.752894788547793041e+02 3.871854562911336117e+00 5.965878356020961655e+04 4.065469983270635566e+04 1.516897471269017115e+04 1.662496351638403212e+03 7.916896786580440448e+02 1.268982628651931009e+04 1.801288098280624399e+04 5.734292539484935780e+00 6.411855399849293313e-01 4.694700517011566553e+05 5.934613572496356210e+04 4.957657473662550274e+01
        redesign_dl_17.0_26862.dat 2.516578439852816818e+00 2.221392493305870616e-02 4.899870282569249866e+03 2.204557950119781822e+02 3.608393910348324685e+00 4.975016690565054159e+04 4.024542161036211473e+04 1.250811249671483893e+04 1.496860698413064938e+03 6.412746452363097660e+02 1.094428388282096239e+04 1.733696724986681147e+04 5.153921321862430460e+00 5.845325981317555097e-01 3.913279153473684564e+05 4.780907804935578315e+04 4.977016840409557830e+01
        redesign_dl_17.0_47824.dat 2.442522174928266399e+00 2.485629599718783972e-02 5.323662694872749853e+03 2.348450753759483405e+02 3.512015787551442170e+00 5.411347550723424501e+04 3.952885010477956530e+04 1.224016017783111602e+04 1.538575361667585412e+03 6.824652121141458565e+02 1.118026959763021478e+04 1.764732912439135907e+04 5.079803193221090751e+00 5.741541618408543268e-01 4.386207977455276414e+05 4.750598792493186920e+04 5.008195146198757897e+01
        redesign_dl_17.0_51321.dat 2.599186143665680682e+00 2.688976340637821288e-02 6.150256289737063526e+03 2.650919614651635925e+02 3.829357745608044983e+00 6.320512757824328583e+04 6.222059730200934428e+04 1.508988521125990883e+04 2.038401927484557518e+03 7.749502878320226955e+02 1.284451407798876608e+04 1.791640090996040453e+04 5.789433378754895720e+00 6.594435351820369107e-01 4.786980337652354501e+05 5.808489293109838036e+04 4.983845577520811077e+01
        redesign_dl_17.0_52263.dat 2.065623845050229335e+00 2.337712450388421820e-02 5.439824465391941885e+03 2.338658304034269690e+02 3.664298400082073748e+00 5.188683277791470027e+04 4.500271820756528177e+04 1.247309371986696533e+04 1.669185758014586781e+03 7.090857265842474817e+02 1.121776670046762410e+04 1.797052967424657618e+04 5.216537890608818451e+00 5.872301932504688793e-01 4.172440911841636989e+05 5.274412862420531746e+04 4.974724768927693930e+01
        redesign_dl_17.0_55769.dat 2.630584403518041459e+00 2.965008458105614780e-02 6.806723929804875297e+03 2.911840307719003249e+02 4.052529664309396651e+00 6.781002313582200441e+04 5.123998738959144976e+04 1.602252816628573964e+04 2.067031576591949943e+03 8.878929277573358831e+02 1.363694171341068795e+04 1.843273278281561943e+04 6.186793873573352975e+00 6.889023607263441429e-01 5.288852350728451274e+05 6.601946205208134779e+04 4.970169536050219961e+01
         redesign_dl_18.0_2336.dat 2.611247419624094679e+00 2.826496211119257709e-02 7.634032747329139056e+03 3.046342049135857337e+02 4.313382446628159173e+00 6.588401405002849060e+04 4.416881566623283288e+04 1.652095799711039945e+04 1.843820876892413480e+03 8.955734778979426665e+02 1.381035629750135013e+04 1.817161174770053549e+04 6.197603067584524617e+00 6.852647522508541478e-01 4.992627668045097380e+05 7.099594448819095851e+04 4.940481416406013437e+01
        redesign_dl_18.0_40743.dat 2.185362343961234188e+00 2.744740303152165550e-02 6.953062101361200803e+03 2.726872298794569929e+02 4.092849492717008708e+00 6.493881592262393679e+04 3.984120818593580043e+04 1.592130885457162549e+04 1.762764459869133816e+03 8.671107961743197166e+02 1.293194571955713218e+04 1.802121056332255830e+04 6.025400607204441705e+00 6.677822321244468728e-01 4.923788689632266178e+05 6.927188980864052428e+04 4.928472984840259130e+01
        redesign_dl_18.0_45626.dat 2.451266199307569504e+00 2.733226088743789112e-02 6.383481946978443375e+03 2.542121942260665719e+02 4.039728435427051068e+00 5.971769232320172887e+04 3.183293679957564018e+04 1.424946141099294800e+04 1.544323483291323328e+03 7.778931950225424998e+02 1.165894071420247201e+04 1.778666559744393453e+04 5.331675893069883543e+00 5.964641105359392848e-01 4.784882728534697089e+05 5.755332110734191519e+04 4.950220457772813631e+01
        redesign_dl_18.0_52870.dat 2.420934785958563928e+00 2.754629183095454181e-02 6.795450065611826176e+03 2.725633747244853566e+02 4.253439478153913988e+00 6.430017466902183514e+04 5.191307164129874582e+04 1.755294087836973267e+04 2.019181274671157780e+03 9.039619774507883676e+02 1.382424156688597577e+04 1.814566990557507961e+04 6.122963602299131836e+00 6.733924109888876908e-01 5.010454620286025456e+05 7.280152266776068427e+04 4.922772058330615863e+01
        redesign_dl_18.0_52899.dat 2.336538779427631773e+00 2.740204738483514521e-02 7.007649013251597353e+03 2.761097000222438851e+02 4.115433787542689181e+00 6.566576567157152749e+04 6.799916434468969237e+04 1.563389036394733375e+04 2.068818194281589967e+03 8.817027751630306511e+02 1.280193871427884733e+04 1.796783759304254636e+04 5.908013549961078859e+00 6.587101762578536635e-01 4.999874827666337951e+05 6.803027018626032805e+04 4.942237910132777756e+01
         redesign_dl_18.0_8564.dat 2.676487827704213451e+00 2.342770853873828510e-02 6.143263016509695262e+03 2.576503394815480874e+02 3.338979048872292132e+00 5.797075925086803181e+04 3.424195802620831091e+04 1.452403933470618904e+04 1.596230968709995977e+03 7.459863220184998909e+02 1.219931970288190496e+04 1.763651850405719961e+04 5.522753718605239115e+00 6.221156220053477570e-01 4.129614487351246644e+05 5.822903521385770728e+04 4.944975207730539069e+01
        redesign_dl_19.0_21716.dat 2.954943046598499379e+00 3.324817393055756048e-02 7.267806161688364227e+03 2.871294904618477517e+02 4.119994027102252154e+00 6.506525755122711416e+04 3.341546474834036781e+04 1.619080781653786835e+04 1.691332992080469012e+03 9.615554116582238748e+02 1.347190782395017959e+04 1.833071306128879223e+04 6.290473173472229007e+00 6.915171033141855883e-01 5.909761627629238646e+05 7.395592612201940210e+04 4.923557266968582269e+01
        redesign_dl_19.0_40322.dat 1.890577660393720771e+00 2.573323318843975804e-02 6.193518799866865265e+03 2.408270533311506938e+02 3.958181573598484881e+00 5.931438624146967777e+04 5.265688161938633857e+04 1.540828458036596021e+04 1.801539027129024362e+03 8.217533627931712772e+02 1.213984857985867711e+04 1.773484627468045073e+04 5.777712038186901822e+00 6.421738845388842432e-01 4.635056754432234447e+05 6.178346736424977280e+04 4.929291486109704579e+01
        redesign_dl_19.0_43619.dat 2.462340042609235446e+00 3.269688322533683550e-02 6.847229954553225070e+03 2.617731977454566277e+02 4.135922862348352602e+00 6.247268818680421828e+04 5.713384998408019601e+04 1.529406896577197040e+04 1.947608135674266123e+03 9.185763208697493383e+02 1.308539701977683944e+04 1.849500099335874984e+04 5.940394745633255980e+00 6.617054195840116337e-01 5.774091976641237270e+05 6.866967434489540756e+04 4.922453448034067236e+01
        redesign_dl_19.0_47165.dat 2.616644005547489993e+00 3.148991128597512096e-02 7.638364891650454410e+03 2.990838385709865861e+02 4.533363440181303439e+00 6.855687819790441426e+04 4.267066508985180553e+04 1.632606405115359848e+04 1.726509397834855235e+03 9.159317064752947317e+02 1.324298966212889900e+04 1.806558736674556712e+04 5.976908098664081237e+00 6.624591675127472490e-01 5.524071507078302093e+05 6.884467020117765060e+04 4.935063051176648941e+01
        redesign_dl_19.0_47952.dat 2.341211324370545466e+00 3.448106073367150637e-02 7.677970113363056953e+03 2.882839319772123758e+02 4.410281236667869642e+00 6.810052538995785289e+04 3.841467821587866638e+04 1.654583917003513488e+04 1.939070911763121558e+03 9.962891629896990935e+02 1.426702157036553217e+04 1.839832639929200013e+04 6.214177951185346771e+00 6.834988292088962636e-01 6.027516643131577875e+05 7.871747639385832008e+04 4.910363148413453871e+01
        redesign_dl_19.0_50292.dat 2.467223435075588167e+00 2.711927629852539309e-02 6.521612069271426662e+03 2.507940539634461743e+02 3.930753049046987080e+00 5.767621134492851706e+04 4.129741074649267830e+04 1.377218189738840556e+04 1.729140576652070649e+03 8.017369721607511792e+02 1.241233700853802111e+04 1.807653435785445618e+04 5.691062942798742696e+00 6.395895588297905165e-01 4.749859612186417216e+05 6.074667960970712738e+04 4.947503578716539607e+01
        redesign_dl_20.0_14324.dat 2.085626131545803563e+00 3.271491124817969831e-02 8.058429252395030744e+03 3.018989004918159367e+02 4.552698868475951066e+00 6.713653969783101638e+04 5.375054764363845607e+04 1.684265325149174168e+04 1.949841333273562213e+03 9.942912513995760264e+02 1.401458971767731964e+04 1.808780558069566541e+04 6.270682254141073386e+00 6.894061954735956066e-01 5.813728453206729610e+05 7.935659958616908989e+04 4.875890270969097884e+01
        redesign_dl_20.0_26862.dat 2.425442284211705157e+00 2.804380620570034663e-02 6.374272793744946284e+03 2.382793721268102445e+02 4.152169524760783048e+00 5.411560282962119527e+04 3.726867689763574890e+04 1.402321589384854087e+04 1.565734390560960492e+03 8.186281200183353803e+02 1.219622905594719850e+04 1.758668627440803539e+04 5.729146674993287114e+00 6.450138762650897695e-01 4.898078339709235006e+05 6.248448019464129175e+04 4.895667736976298556e+01
        redesign_dl_20.0_47824.dat 2.263671235988252484e+00 3.204296979674597229e-02 6.781549265231083155e+03 2.551475518143914485e+02 4.063884591407081359e+00 6.078625526526757312e+04 4.822637037555833376e+04 1.366603855251807545e+04 1.826682480091895059e+03 8.754989282156407171e+02 1.243699697434351583e+04 1.773183505400279319e+04 5.548261062236607088e+00 6.181766017748907549e-01 5.664132399190110154e+05 6.339041415208311810e+04 4.917071974933575262e+01
        redesign_dl_20.0_51321.dat 2.481597717224488520e+00 3.352580579045481846e-02 7.610906997349201447e+03 2.791220738141473703e+02 4.377243318181762710e+00 6.971087689188725199e+04 5.652641869092477282e+04 1.702248759883176899e+04 2.033802901592137914e+03 9.886426366835872841e+02 1.423171783954402053e+04 1.838698627571701581e+04 6.572267650149495211e+00 7.240955186269251165e-01 5.898564280707981670e+05 7.601711282155505614e+04 4.901792827192364399e+01
        redesign_dl_20.0_52263.dat 2.071531536424366937e+00 2.894627861454845616e-02 6.874133740122144445e+03 2.539222242341076878e+02 4.277615652917142519e+00 5.767879280136579473e+04 5.960135533395478706e+04 1.436666938609053250e+04 2.050684014698856572e+03 8.946049658174903243e+02 1.282516679513385134e+04 1.819700024711815422e+04 5.909681841975497285e+00 6.649203861646736380e-01 5.200525931182986242e+05 7.125335605109854077e+04 4.891997320046312581e+01
        redesign_dl_20.0_55769.dat 2.529389062203923455e+00 3.629475024222994506e-02 8.402252721422635659e+03 3.088246505950280607e+02 4.708198586674778419e+00 7.358930816963755933e+04 5.343069679434962745e+04 1.758871970578801120e+04 2.211564766311084895e+03 1.088270873871960248e+03 1.478988090750090669e+04 1.885820728903448253e+04 6.987285309744654782e+00 7.626458733668022294e-01 6.480685110127249500e+05 8.488440910551752313e+04 4.894753437159454990e+01
         redesign_dl_21.0_2336.dat 2.500051969040786748e+00 3.510096399910005854e-02 9.400722177730705880e+03 3.224044520585899249e+02 4.908543458796514436e+00 7.261482498289716023e+04 5.341914924360863370e+04 1.838184408523488673e+04 2.019232639039210198e+03 1.088601472836468702e+03 1.516547562351481247e+04 1.853467516210968461e+04 6.854006691312312327e+00 7.444240687061315365e-01 6.177360169126696419e+05 8.761957189780565386e+04 4.872524227792949603e+01
        redesign_dl_21.0_40743.dat 2.058108952632090816e+00 3.371900235068772678e-02 8.894259921449893227e+03 2.999942499751596188e+02 4.723927344330435041e+00 7.328978397681273054e+04 4.789656506894729682e+04 1.762246239135392898e+04 1.989247056630074212e+03 1.091259262048911069e+03 1.434376097879003282e+04 1.840990442984399124e+04 6.634389889299942666e+00 7.231209041457513642e-01 6.024825082335445331e+05 8.603394256990624126e+04 4.857039835961031571e+01
        redesign_dl_21.0_45626.dat 2.393717919485927048e+00 3.388251130425132956e-02 8.363366179793612901e+03 2.835365073236064859e+02 4.586282478151955111e+00 6.740803184657987731e+04 3.780288015955214360e+04 1.623385805187244114e+04 1.784267432875122040e+03 9.655350924822258776e+02 1.323187315918397690e+04 1.782994455520246265e+04 5.945188167906610310e+00 6.609618075885415056e-01 5.853503277352894656e+05 7.374575936307699885e+04 4.877758722041560446e+01
        redesign_dl_21.0_52870.dat 2.409767100870875645e+00 3.437264879907345194e-02 8.507395090957228604e+03 2.954840886392796619e+02 4.899086351182382337e+00 7.171342265182266419e+04 6.961683356444950914e+04 1.928963092107032207e+04 2.434793305479182891e+03 1.094742812653982810e+03 1.520310493444729036e+04 1.827238402962456166e+04 6.797516746381572439e+00 7.323159721356120588e-01 6.230997951210831525e+05 9.075586436445433355e+04 4.855679729368512199e+01
        redesign_dl_21.0_52899.dat 2.254221693780989799e+00 3.390952966708544319e-02 8.999180464574392317e+03 3.089079174644057844e+02 4.681642791927065339e+00 7.509850242328540480e+04 6.954294627624368877e+04 1.694699653617182048e+04 2.251799544017939297e+03 1.072355752823909597e+03 1.420117984772625096e+04 1.812442198733056284e+04 6.552196749495551309e+00 7.210878402691380806e-01 6.062217519360173028e+05 8.711072497493421542e+04 4.868549590437201857e+01
         redesign_dl_21.0_8564.dat 2.631654213739757164e+00 2.958258555332014123e-02 7.639844084766555170e+03 2.757421885324471305e+02 3.923388159825417443e+00 6.619006917149119545e+04 3.858785808169012307e+04 1.596506075319647607e+04 1.766235426829635344e+03 9.029249285157344502e+02 1.339408533318778245e+04 1.773570893995433289e+04 6.245764159024434825e+00 6.917774500613566024e-01 5.134979334502582788e+05 6.994027108260696696e+04 4.873859078265367373e+01
        redesign_dl_22.0_21716.dat 2.988561618092818950e+00 3.966968419098059612e-02 8.907567545843861808e+03 3.057983231534620359e+02 4.790091831474588169e+00 7.199471899924265745e+04 4.545615721769116499e+04 1.782798259739585410e+04 1.992084039514030110e+03 1.158379408153473832e+03 1.470581383215752248e+04 1.857052261905966952e+04 6.852655413249975069e+00 7.358308019214655493e-01 7.125819163088651840e+05 8.938544530914748611e+04 4.860560601430947258e+01
        redesign_dl_22.0_40322.dat 1.941545467044752282e+00 3.151950074145192654e-02 7.902671570221320508e+03 2.708767889550298378e+02 4.595324019591539688e+00 6.837491211859973555e+04 6.402075144731077307e+04 1.738375342107863980e+04 2.142739984544655272e+03 1.001330865620351233e+03 1.395373498009299874e+04 1.787739923588146848e+04 6.652974083910656589e+00 7.152608429124214240e-01 5.680494555908936309e+05 8.006317084585926204e+04 4.866195715528947119e+01
        redesign_dl_22.0_43619.dat 2.521586871936873031e+00 3.920564103803055728e-02 8.616802433468761592e+03 2.870451994227779551e+02 4.685284607509981214e+00 6.598233637943818758e+04 5.861021562296857155e+04 1.651618274061122793e+04 2.071211462846276845e+03 1.112325541815545421e+03 1.412873335906137072e+04 1.879395703148227039e+04 6.505594255341223153e+00 7.062690942930979210e-01 6.824530830206021201e+05 7.987833963365142699e+04 4.856379550571824666e+01
        redesign_dl_22.0_47165.dat 2.654821121392416661e+00 3.743716696962103713e-02 9.140481772069597355e+03 3.161041874837893602e+02 5.205112602439302627e+00 7.416681601974306977e+04 6.852736080218122515e+04 1.781496141580266340e+04 2.212623934326217750e+03 1.096023036385715386e+03 1.417117228576894559e+04 1.831031676922266706e+04 6.614170845912648034e+00 7.162266402808959986e-01 6.643203974128889386e+05 8.487901547979578027e+04 4.863633150338264244e+01
        redesign_dl_22.0_47952.dat 2.318224657141867873e+00 4.107383325526452883e-02 9.398539550159715873e+03 3.138000415740717699e+02 5.163554907794597248e+00 7.711618124614356202e+04 5.761265809594274469e+04 1.875218190178883742e+04 2.333723420068167798e+03 1.219031419559428059e+03 1.548766527369330106e+04 1.868997068021216546e+04 6.978882552806123130e+00 7.463457859144960738e-01 7.355389511656556278e+05 1.031330698711928126e+05 4.846342450208862829e+01
        redesign_dl_22.0_50292.dat 2.462218457230969548e+00 3.375982245132060078e-02 8.205270745469018948e+03 2.741248309609500780e+02 4.587285562307248377e+00 6.338825588341350522e+04 3.799732390412125096e+04 1.540672124398231608e+04 1.821477815975124258e+03 9.811832151266836490e+02 1.372830664019520009e+04 1.833908116000170412e+04 6.192677606738609342e+00 6.841320844330185391e-01 5.898228711288876366e+05 7.852776660669785633e+04 4.881070281965519086e+01
        redesign_dl_23.0_14324.dat 2.162714077182402050e+00 3.935919761425888536e-02 9.952016133270861246e+03 3.252764376634698351e+02 5.236261907797294946e+00 7.168941720179314143e+04 6.036581981949269539e+04 1.873243656748383364e+04 2.177172333309560599e+03 1.186383765468907313e+03 1.528894732327238671e+04 1.850176305119237441e+04 6.856691282236748286e+00 7.333718474953818678e-01 6.919119924494581064e+05 9.364731862493212975e+04 4.819824307588067569e+01
        redesign_dl_23.0_26862.dat 2.432892630779142529e+00 3.445416663582002298e-02 8.060585087433726585e+03 2.625964165574984008e+02 4.718162088693990341e+00 5.991457992522745917e+04 3.687320345887198346e+04 1.575618346805067449e+04 1.775495543909920116e+03 1.028408742984539231e+03 1.380154053193475193e+04 1.814588376542173501e+04 6.452665000491417224e+00 7.010792127426943576e-01 5.869957119793752208e+05 8.176257007587249973e+04 4.830785396183006242e+01
        redesign_dl_23.0_47824.dat 2.256847334340864375e+00 3.805102223421224367e-02 8.562166325592725116e+03 2.809922004347186544e+02 4.675415516986172193e+00 6.888170992168557132e+04 6.132159190516379749e+04 1.508082090973172490e+04 2.158041234362827709e+03 1.028103932487178554e+03 1.345405794178724318e+04 1.811370565840083873e+04 6.226078079661463427e+00 6.742847957327762209e-01 6.747884670263046864e+05 7.741886670428428624e+04 4.860044232855603497e+01
        redesign_dl_23.0_51321.dat 2.410936015513266639e+00 4.045709619126664630e-02 9.688022024964961020e+03 3.093810071101080439e+02 4.966883168913555302e+00 7.852282889222489030e+04 5.772053834848273982e+04 1.856771023054153557e+04 2.184232443288770355e+03 1.177396886043107088e+03 1.523317394469409555e+04 1.862531986851239708e+04 7.234028449723157728e+00 7.659878141244625960e-01 7.097742166502242908e+05 9.107490535058274691e+04 4.847508330339239535e+01
        redesign_dl_23.0_52263.dat 2.071467609294749934e+00 3.476918806410183443e-02 8.501970362890126125e+03 2.786222823672551385e+02 4.887975019734250637e+00 6.335848726965608512e+04 6.850672216461853532e+04 1.619350613575819807e+04 2.314327427761118543e+03 1.056439670638912503e+03 1.430758216987207743e+04 1.866635552960675341e+04 6.523046306333501576e+00 7.058537420069366242e-01 6.181422527866533492e+05 8.517739755261373648e+04 4.833737969025192882e+01
        redesign_dl_23.0_55769.dat 2.566219588144211805e+00 4.258903738066398270e-02 1.040833983573945625e+04 3.356982339696945701e+02 5.377767563622630753e+00 7.955571051424001053e+04 5.737572220676036522e+04 1.939643751239561243e+04 2.366394087263022357e+03 1.269345446532661981e+03 1.590889292108216796e+04 1.906953488719753295e+04 7.641494700192520639e+00 7.919107621062609903e-01 7.676632146813945146e+05 9.763631648095237324e+04 4.839468939794404889e+01
         redesign_dl_24.0_2336.dat 2.448029834732586174e+00 4.188165023607183512e-02 1.128355307970774811e+04 3.464936406904553792e+02 5.596646289389298090e+00 8.181831612678001693e+04 6.753927529469739238e+04 1.993477183917116417e+04 2.339089775128198198e+03 1.290153358606279880e+03 1.631479915347159658e+04 1.882059780941321515e+04 7.641712957270983431e+00 7.835067167436615687e-01 7.522129269233018858e+05 1.052136341045785521e+05 4.822507460024107928e+01
        redesign_dl_24.0_40743.dat 2.048080673408019248e+00 4.035977473232080920e-02 1.091823441125861245e+04 3.317360523887750219e+02 5.440998233369280790e+00 8.108907357213934301e+04 5.605039954283687257e+04 1.933854550770937567e+04 2.292330439084377304e+03 1.299337022628659270e+03 1.544874044388266157e+04 1.848032900180931028e+04 7.510366667002306151e+00 7.727823053790550123e-01 7.380149676520603243e+05 1.073374736879106640e+05 4.811175413189808836e+01
        redesign_dl_24.0_45626.dat 2.320831129552720640e+00 4.158992165093924193e-02 1.034556712903945663e+04 3.144855910825675664e+02 5.166238342515470983e+00 7.585626584244615515e+04 5.420129047725845157e+04 1.821087274740413341e+04 2.104225391234427661e+03 1.196109418308893055e+03 1.482362636422090691e+04 1.792781628428268232e+04 6.766362313308051490e+00 7.208506982101510197e-01 7.225398919103398221e+05 9.010315816402531345e+04 4.828637396696178996e+01
        redesign_dl_24.0_52870.dat 2.384671866845646360e+00 4.309510146751959619e-02 1.032405175859337760e+04 3.167864321755237711e+02 5.552328643568277933e+00 7.548239579003506515e+04 8.533287262169287715e+04 2.100837600265482251e+04 2.788736915147472700e+03 1.325113021580575378e+03 1.655822993450897411e+04 1.883684748023975408e+04 7.585197534455824453e+00 7.778080708689348866e-01 7.626122985407330561e+05 1.094298983306060254e+05 4.801996381141037062e+01
        redesign_dl_24.0_52899.dat 2.201874275165448758e+00 4.037886974493885145e-02 1.122852778263439359e+04 3.437544567653971512e+02 5.352021950991971977e+00 8.612609374517021934e+04 8.067016297313368705e+04 1.931073991727682369e+04 2.617601226209059405e+03 1.274920692217255237e+03 1.598216301650947571e+04 1.881867463927720382e+04 7.514933384844216135e+00 7.747870114956790788e-01 7.387077881031570723e+05 1.005043944105547271e+05 4.814622066919378085e+01
         redesign_dl_24.0_8564.dat 2.642971993141780107e+00 3.568414513753113970e-02 9.440748736980071044e+03 3.026864197463300457e+02 4.613884047798338273e+00 7.316647565542251687e+04 4.705994471759563748e+04 1.761620500941695718e+04 2.063840529667949795e+03 1.094821581374498919e+03 1.485713886164789983e+04 1.826612314838816019e+04 6.989895583967374648e+00 7.415575576892108334e-01 6.231365595053466968e+05 8.623513116585962416e+04 4.816815074211301351e+01
