Statistics: p01. Generated: 11/11/2021 17:02:22. No. files: 120.
                              File                       4                      10                      11                      13                      15                      19                      20                      22                      23                      27                      28                      29                      63                      66                      72                     102                     110
        redesign_dl_05.0_21716.dat 5.349999999999999938e-04 2.504069999999999907e-01 1.042607099999999946e+03 1.556656899999999837e+02 2.245423299999999678e+00 -2.691516899999999737e+02 -4.420174100000000180e+03 -1.299461399999999958e+04 1.528859499999999798e+03 -4.326470900000000256e+03 -1.293250799999999981e+04 -1.203700599999999940e+04 1.887491299999999983e+00 6.248341700000000776e-01 1.402460000000000000e+06 3.514850000000000000e+05 1.751688799999999802e+01
        redesign_dl_05.0_40322.dat 5.349999999999999938e-04 2.988579800000000231e-01 1.802339299999999866e+03 2.321829799999999864e+02 1.997109299999999976e+00 8.988448700000000827e+03 -3.315379199999999855e+03 -1.156170400000000154e+04 2.063226299999999810e+03 -3.977070600000000013e+03 -1.188910800000000017e+04 -1.183100300000000061e+04 4.045038300000000753e+00 8.590417599999999876e-01 1.996879899999999907e+06 5.969829399999999441e+05 1.745139499999999799e+01
        redesign_dl_05.0_43619.dat 5.349999999999999938e-04 3.032689600000000318e-01 1.591799299999999903e+03 2.221567700000000229e+02 2.165269900000000192e+00 7.840407699999999750e+03 -5.006835799999999836e+03 -1.323563299999999981e+04 2.021938599999999951e+03 -5.164491299999999683e+03 -1.485331599999999889e+04 -1.207060000000000036e+04 1.740545400000000020e+00 5.909176400000000218e-01 2.056059699999999953e+06 6.235610000000000000e+05 1.714107900000000129e+01
        redesign_dl_05.0_47165.dat 5.349999999999999938e-04 2.993168800000000074e-01 1.577418100000000095e+03 2.212858400000000074e+02 2.481436400000000209e+00 5.295955700000000434e+03 -4.418264400000000023e+03 -1.276341899999999987e+04 2.032478800000000092e+03 -3.407190399999999954e+03 -1.070050599999999940e+04 -1.201160100000000057e+04 1.583360500000000171e+00 5.645120900000000219e-01 2.002729500000000000e+06 5.994827700000000186e+05 1.754679000000000144e+01
        redesign_dl_05.0_47952.dat 5.349999999999999938e-04 2.815639899999999862e-01 1.473528800000000047e+03 2.002937500000000171e+02 2.276408599999999893e+00 5.765932499999999891e+03 -5.375000100000000202e+03 -1.194410000000000036e+04 1.849699700000000121e+03 -5.383614700000000084e+03 -1.457812200000000121e+04 -1.204490899999999965e+04 2.020789499999999794e+00 6.445365499999999859e-01 1.772369600000000093e+06 4.989837700000000186e+05 1.750449599999999961e+01
        redesign_dl_05.0_50292.dat 5.349999999999999938e-04 2.676638900000000154e-01 1.258829899999999952e+03 1.855709699999999884e+02 1.955915800000000093e+00 3.149528400000000147e+03 -3.358099400000000060e+03 -1.165380099999999948e+04 1.695039700000000039e+03 -3.496532300000000305e+03 -1.093460200000000077e+04 -1.212610000000000036e+04 2.161189100000000085e+00 6.548078199999999294e-01 1.602739899999999907e+06 4.289378800000000047e+05 1.740169500000000014e+01
        redesign_dl_06.0_14324.dat 5.349999999999999938e-04 3.563509899999999786e-01 2.446847299999999905e+03 3.236043999999999983e+02 2.746917499999999901e+00 1.996010800000000017e+04 -1.387620399999999972e+04 -1.212871100000000115e+04 2.986279899999999998e+03 -5.718111199999999371e+03 -1.608495499999999993e+04 -1.187231699999999910e+04 2.855056400000000050e+00 7.324287900000000517e-01 2.843568799999999814e+06 1.013609500000000000e+06 1.686968800000000002e+01
        redesign_dl_06.0_26862.dat 5.349999999999999938e-04 3.105259600000000453e-01 1.884559600000000046e+03 2.536646800000000042e+02 3.099514600000000009e+00 1.351388899999999921e+04 -8.504953000000001339e+03 -1.140902299999999923e+04 2.223545500000000175e+03 -6.168840100000000348e+03 -1.715571399999999994e+04 -1.173050699999999961e+04 2.595772499999999816e+00 6.856666999999999623e-01 2.156690000000000000e+06 6.692109699999999721e+05 1.665188000000000201e+01
        redesign_dl_06.0_47824.dat 5.349999999999999938e-04 2.658499899999999805e-01 1.276057900000000018e+03 1.728715400000000102e+02 2.583299299999999743e+00 4.548285700000000361e+03 -5.470274400000000242e+03 -1.148300599999999940e+04 1.738609899999999925e+03 -4.764291500000000269e+03 -1.334600300000000061e+04 -1.213660699999999997e+04 1.829579000000000066e+00 6.097790299999999997e-01 1.584479800000000047e+06 4.217319699999999721e+05 1.712708899999999801e+01
        redesign_dl_06.0_51321.dat 5.349999999999999938e-04 3.645889900000000017e-01 2.408465899999999692e+03 3.269249399999999923e+02 2.991479700000000186e+00 1.829363899999999921e+04 -1.765511599999999817e+04 -1.264932099999999991e+04 3.253287100000000009e+03 -6.874080600000000231e+03 -1.812052300000000105e+04 -1.198711499999999978e+04 2.401607199999999942e+00 6.853473900000000008e-01 2.975259100000000093e+06 1.083829199999999953e+06 1.655429800000000284e+01
        redesign_dl_06.0_52263.dat 5.349999999999999938e-04 3.653319099999999819e-01 2.486885399999999663e+03 3.551995900000000006e+02 2.618028999999999940e+00 1.789338900000000285e+04 -1.602454199999999946e+04 -1.140771700000000055e+04 3.163679499999999734e+03 -5.953520100000000639e+03 -1.627270700000000033e+04 -1.194701699999999983e+04 3.834078600000000225e+00 8.426313900000000912e-01 2.985009100000000093e+06 1.090469600000000093e+06 1.675488599999999906e+01
        redesign_dl_06.0_55769.dat 5.349999999999999938e-04 3.300679299999999539e-01 1.801718100000000049e+03 2.646008499999999799e+02 2.797135600000000277e+00 1.011246399999999994e+04 -1.596228400000000147e+04 -1.338281699999999910e+04 2.297898999999999887e+03 -6.113661299999999756e+03 -1.740751199999999881e+04 -1.215910300000000097e+04 1.739504799999999962e+00 6.142423399999999978e-01 2.440078700000000186e+06 8.060639699999999721e+05 1.644538599999999917e+01
         redesign_dl_07.0_2336.dat 5.349999999999999938e-04 3.801789399999999652e-01 2.508611200000000281e+03 3.544829599999999914e+02 3.658144399999999852e+00 -1.071553799999999865e+04 -4.393272599999999511e+04 -1.492910000000000036e+04 2.942998400000000402e+03 -1.160950300000000061e+04 -2.979715799999999945e+04 -1.189741100000000006e+04 1.265999199999999991e+00 5.409622099999999989e-01 3.249398799999999814e+06 1.239138800000000047e+06 1.445738500000000037e+01
        redesign_dl_07.0_40743.dat 5.349999999999999938e-04 4.286490000000000022e-01 3.656647600000000239e+03 4.881008299999999736e+02 3.279338599999999992e+00 2.126146199999999953e+04 -5.247133200000000215e+04 -1.104670499999999993e+04 4.245051300000000083e+03 -9.196940700000001016e+03 -2.390880500000000029e+04 -1.134271100000000115e+04 3.513537799999999933e+00 7.942896999999999874e-01 4.114029100000000093e+06 1.762609399999999907e+06 1.534206700000000012e+01
        redesign_dl_07.0_45626.dat 5.349999999999999938e-04 4.107679100000000139e-01 3.513444499999999607e+03 4.648695500000000038e+02 3.175676499999999791e+00 2.436643999999999869e+04 -3.322730099999999948e+04 -1.141441899999999987e+04 4.079787100000000009e+03 -8.135751100000000406e+03 -2.192993100000000049e+04 -1.134742299999999886e+04 5.160435000000000549e+00 9.946029599999999249e-01 3.780029000000000000e+06 1.552839699999999953e+06 1.510069299999999970e+01
        redesign_dl_07.0_52870.dat 5.349999999999999938e-04 4.356319800000000297e-01 3.774824399999999969e+03 4.908009600000000319e+02 3.742383600000000143e+00 5.577273900000001049e+03 -6.658014500000000407e+04 -1.300340300000000025e+04 3.856778999999999996e+03 -8.341565199999999095e+03 -2.289361199999999735e+04 -1.159011399999999958e+04 2.134465599999999963e+00 6.335964499999999777e-01 4.247308900000000373e+06 1.850149699999999953e+06 1.581919599999999981e+01
        redesign_dl_07.0_52899.dat 5.349999999999999938e-04 3.952179900000000190e-01 3.064686799999999948e+03 4.053149300000000039e+02 3.949097599999999986e+00 7.496160899999999856e+03 -3.704161000000000058e+04 -1.124280299999999988e+04 3.503386199999999917e+03 -8.196311799999999494e+03 -2.203670200000000114e+04 -1.203490899999999965e+04 2.846546899999999880e+00 7.133687000000000777e-01 3.481419799999999814e+06 1.374499699999999953e+06 1.549499099999999885e+01
         redesign_dl_07.0_8564.dat 5.349999999999999938e-04 3.478189299999999706e-01 2.243443400000000111e+03 3.161312599999999975e+02 3.053749999999999964e+00 1.470789500000000044e+04 -2.888598500000000058e+04 -1.191171600000000035e+04 2.643217399999999998e+03 -8.737930800000000090e+03 -2.314940100000000166e+04 -1.173420700000000033e+04 3.714481699999999886e+00 8.425748700000000868e-01 2.700109899999999907e+06 9.379069599999999627e+05 1.562128899999999909e+01
        redesign_dl_08.0_15536.dat 5.349999999999999938e-04 4.342567999999999984e-01 3.770983099999999922e+03 4.999747200000000475e+02 4.373444400000000343e+00 1.057032200000000012e+04 -5.076650200000000041e+04 -1.308771300000000156e+04 4.085994999999999891e+03 -1.171240099999999984e+04 -3.067550999999999840e+04 -1.144080799999999908e+04 3.540009100000000242e+00 8.109787299999999810e-01 4.224748000000000000e+06 1.835860000000000000e+06 1.441829399999999950e+01
        redesign_dl_08.0_22441.dat 5.349999999999999938e-04 4.807569899999999952e-01 4.521868300000000090e+03 6.074849100000000135e+02 4.389886900000000480e+00 -4.639624099999999999e+03 -3.582546399999999994e+04 -1.172460300000000097e+04 5.208695299999999406e+03 -1.120650100000000020e+04 -2.840774100000000180e+04 -1.156501100000000042e+04 4.345277199999999951e+00 8.967650400000000133e-01 5.165508900000000373e+06 2.483818899999999907e+06 1.461309799999999903e+01
        redesign_dl_08.0_32293.dat 5.349999999999999938e-04 4.168680000000000163e-01 3.377485499999999774e+03 4.532634800000000155e+02 3.810845699999999781e+00 1.160446900000000096e+04 -3.732425099999999657e+04 -1.216152700000000004e+04 3.961883800000000065e+03 -1.034790300000000025e+04 -2.621244700000000012e+04 -1.155821500000000015e+04 4.043498800000000060e+00 8.646048499999999803e-01 3.881109200000000186e+06 1.616799800000000047e+06 1.453999599999999859e+01
        redesign_dl_08.0_41120.dat 5.349999999999999938e-04 4.677218399999999998e-01 4.369536799999999857e+03 5.751263799999999264e+02 4.414144900000000149e+00 1.298080699999999888e+04 -3.990235800000000017e+04 -1.077651699999999983e+04 4.956698899999999412e+03 -1.177160000000000036e+04 -3.225734400000000096e+04 -1.158460200000000077e+04 3.886189499999999963e+00 8.469552500000000483e-01 4.898539799999999814e+06 2.294849700000000186e+06 1.449536600000000064e+01
        redesign_dl_08.0_46290.dat 5.349999999999999938e-04 4.423398800000000186e-01 3.979210500000000138e+03 5.022649999999999864e+02 4.515989600000000159e+00 1.844405299999999988e+04 -6.512579000000000087e+04 -1.261513100000000122e+04 4.265510899999999310e+03 -1.050860100000000057e+04 -2.672522400000000198e+04 -1.208671100000000115e+04 3.205988099999999896e+00 7.692850700000000153e-01 4.396299700000000186e+06 1.952128000000000000e+06 1.469259700000000102e+01
        redesign_dl_08.0_60415.dat 5.349999999999999938e-04 4.504598500000000505e-01 4.294258200000000215e+03 5.342357100000000401e+02 4.617004899999999523e+00 5.812306900000001406e+03 -4.782464699999999721e+04 -1.023181099999999969e+04 4.500119200000000092e+03 -9.908230700000000070e+03 -2.551209999999999854e+04 -1.111179999999999927e+04 4.398558300000000365e+00 9.041200999999999821e-01 4.564708500000000000e+06 2.060408100000000093e+06 1.495358099999999979e+01
        redesign_dl_09.0_21716.dat -6.707804399999999639e-03 4.580277700000000007e-01 4.309805800000000090e+03 5.677099500000000489e+02 5.025561299999999676e+00 3.219717100000000210e+04 -5.619922299999999814e+04 -1.272655600000000049e+04 4.155746799999999894e+03 -1.392790099999999984e+04 -3.641564199999999983e+04 -1.182862000000000080e+04 3.322769699999999826e+00 7.711567000000000283e-01 4.696998799999999814e+06 2.151419100000000093e+06 1.361589900000000064e+01
        redesign_dl_09.0_40322.dat 5.349999999999999938e-04 5.455369800000000602e-01 6.388642799999999625e+03 7.973679000000000769e+02 4.815100699999999456e+00 4.305898199999999633e+04 -3.051440000000000146e+04 -1.134212299999999959e+04 6.666449899999999616e+03 -1.173939999999999964e+04 -3.108890400000000227e+04 -1.086810699999999997e+04 5.095866500000000521e+00 9.887102599999999519e-01 6.657908599999999627e+06 3.631089000000000000e+06 1.387009800000000048e+01
        redesign_dl_09.0_43619.dat -5.098069399999999481e-03 5.261419800000000091e-01 5.944179900000000089e+03 7.640933500000001004e+02 5.290299300000000038e+00 3.475474799999999959e+04 -2.823597199999999793e+04 -1.296881599999999889e+04 6.339902100000000246e+03 -1.400360200000000077e+04 -3.737240800000000309e+04 -1.177480400000000009e+04 3.236839999999999939e+00 7.729433999999999472e-01 6.202178900000000373e+06 3.266699399999999907e+06 1.352559600000000017e+01
        redesign_dl_09.0_47165.dat 5.349999999999999938e-04 5.256509699999999397e-01 5.544801900000000387e+03 7.324132399999999734e+02 5.317314099999999932e+00 2.047622200000000157e+04 -6.634945499999998719e+04 -1.308926200000000063e+04 5.214844200000000455e+03 -1.152960400000000118e+04 -2.990956299999999828e+04 -1.136410400000000118e+04 2.952655099999999866e+00 7.313199999999999701e-01 6.162499900000000373e+06 3.234739299999999814e+06 1.382499699999999976e+01
        redesign_dl_09.0_47952.dat 5.349999999999999938e-04 5.546589800000000237e-01 6.352337900000000445e+03 8.271029800000000023e+02 5.367446000000000161e+00 4.343487099999999919e+04 -4.810628199999999924e+04 -1.030400400000000081e+04 6.816705200000000332e+03 -1.409550000000000000e+04 -3.269049600000000282e+04 -1.145940699999999924e+04 2.900714300000000190e+00 7.038049800000000245e-01 6.863409500000000000e+06 3.805589500000000000e+06 1.435749799999999965e+01
        redesign_dl_09.0_50292.dat 5.349999999999999938e-04 5.034880000000000466e-01 5.378311700000000201e+03 6.938316499999999678e+02 5.428792299999999571e+00 3.637933599999999569e+04 -2.060172799999999916e+04 -1.021770900000000074e+04 5.908575600000000122e+03 -1.209390699999999924e+04 -3.256411599999999817e+04 -1.154611000000000058e+04 4.131062799999999591e+00 8.675205799999999856e-01 5.660499599999999627e+06 2.849409600000000093e+06 1.355546800000000118e+01
        redesign_dl_10.0_14324.dat -6.084761699999999968e-03 6.166399999999999659e-01 8.114993000000000393e+03 1.030489499999999907e+03 5.710493199999999270e+00 9.672217199999999139e+04 -7.630542400000000271e+03 -1.088805600000000049e+04 9.160285100000000966e+03 -1.414550000000000000e+04 -3.708152100000000064e+04 -1.116573199999999997e+04 3.450969299999999684e+00 7.901454900000000059e-01 8.503326500000000000e+06 5.249308299999999814e+06 1.313949900000000071e+01
        redesign_dl_10.0_26862.dat -2.441302299999999897e-03 5.334189400000000081e-01 6.272116100000000188e+03 7.754177200000000312e+02 6.652669099999999780e+00 7.126997800000000279e+04 -1.677193100000000049e+04 -9.316546700000000783e+03 6.475474699999999757e+03 -1.413400100000000020e+04 -3.565261200000000099e+04 -1.097723800000000119e+04 2.978850800000000021e+00 7.158818300000000523e-01 6.353209200000000186e+06 3.385449799999999814e+06 1.340489900000000034e+01
        redesign_dl_10.0_47824.dat -2.003150200000000051e-03 4.924349000000000087e-01 5.098364099999999780e+03 6.324545400000000654e+02 5.684181600000000500e+00 2.804487799999999697e+04 -1.530901000000000022e+04 -9.893904999999998836e+03 5.702908099999999649e+03 -1.400700200000000041e+04 -3.515921199999999953e+04 -1.137140400000000045e+04 3.701504200000000022e+00 8.153305400000000480e-01 5.426289599999999627e+06 2.670689700000000186e+06 1.335568500000000114e+01
        redesign_dl_10.0_51321.dat -3.267293700000000346e-03 5.860819400000000234e-01 7.060857099999999264e+03 9.121158499999999094e+02 5.858878100000000089e+00 7.424758400000000256e+04 -1.165348400000000038e+04 -1.143790400000000045e+04 8.686648400000000038e+03 -1.421770600000000013e+04 -3.634831600000000617e+04 -1.149054999999999927e+04 2.104346500000000120e+00 6.001394899999999977e-01 7.691026000000000000e+06 4.504949299999999814e+06 1.312379399999999841e+01
        redesign_dl_10.0_52263.dat -1.630386199999999796e-03 5.938780000000000170e-01 7.464158699999999953e+03 9.681268699999999399e+02 5.853565900000000433e+00 8.896393600000000151e+04 -5.180917899999999463e+03 -9.447101699999999255e+03 8.573009299999999712e+03 -1.412190099999999984e+04 -3.662731500000000233e+04 -1.115250900000000001e+04 4.103832100000000871e+00 8.604975400000000052e-01 7.894989200000000186e+06 4.691339799999999814e+06 1.309728700000000146e+01
        redesign_dl_10.0_55769.dat -8.825283899999999612e-03 5.638348899999999775e-01 6.158458500000000640e+03 8.384098500000000058e+02 5.967564199999999985e+00 5.221660000000000582e+04 -2.339135800000000017e+04 -1.263505299999999988e+04 7.268485499999999774e+03 -1.426520100000000093e+04 -3.648120099999999366e+04 -1.184950599999999940e+04 2.088371800000000000e+00 6.156705199999999989e-01 7.114895900000000373e+06 4.013123600000000093e+06 1.268289700000000053e+01
         redesign_dl_11.0_2336.dat -7.384589999999999904e-03 6.026038799999999807e-01 7.480467400000000453e+03 8.128253499999999576e+02 6.193760600000000061e+00 7.068689800000000105e+04 -8.009393300000000636e+03 -1.283540300000000025e+04 8.898040000000000873e+03 -1.435889999999999964e+04 -3.665561000000000058e+04 -1.133830400000000009e+04 -7.255107299999999926e-01 2.684852100000000297e-01 8.134739700000000186e+06 4.899477000000000000e+06 1.336529799999999923e+01
        redesign_dl_11.0_40743.dat -5.143303200000000179e-03 6.546157999999999699e-01 9.116462900000000445e+03 9.002739599999999882e+02 6.190585500000000074e+00 8.639353399999999965e+04 -1.822121900000000096e+04 -1.188900300000000061e+04 1.064929500000000007e+04 -1.436700100000000020e+04 -3.673530000000000291e+04 -1.093931699999999910e+04 -4.298229199999999972e-01 2.917076200000000008e-01 9.581401199999999255e+06 6.263020000000000000e+06 1.361389199999999988e+01
        redesign_dl_11.0_45626.dat -1.740014199999998564e-04 6.383029499999999246e-01 8.525798899999999776e+03 9.701986899999999423e+02 6.080799700000000030e+00 9.657188899999999558e+04 2.447154399999999896e+03 -1.069121000000000095e+04 1.024729899999999907e+04 -1.436000000000000000e+04 -3.523252500000000146e+04 -1.046980299999999988e+04 5.253648699999999838e-01 4.131327799999999772e-01 9.103918199999999255e+06 5.806376900000000373e+06 1.346288499999999999e+01
        redesign_dl_11.0_52870.dat -2.641024399999999765e-03 6.802069800000000166e-01 9.891187900000000809e+03 9.365541100000000370e+02 6.761178000000000132e+00 9.164002599999999802e+04 -1.009392399999999907e+04 -1.215832200000000012e+04 1.086358799999999974e+04 -1.443429999999999927e+04 -3.603314400000000023e+04 -1.132610200000000077e+04 -2.240416199999999969e-01 3.301628100000000288e-01 1.033849500000000000e+07 7.025939500000000000e+06 1.306229500000000066e+01
        redesign_dl_11.0_52899.dat 4.811636799999999942e-04 6.326967799999999587e-01 8.268412500000000364e+03 9.454559100000000171e+02 6.708411900000000649e+00 8.366083800000000338e+04 -2.581461799999999857e+04 -1.013821399999999994e+04 1.003049699999999939e+04 -1.429430099999999948e+04 -3.492788800000000629e+04 -1.171660900000000038e+04 6.384981399999999363e-01 4.339313499999999935e-01 8.980068000000000000e+06 5.687264099999999627e+06 1.385278700000000107e+01
         redesign_dl_11.0_8564.dat -5.162597700000000345e-03 5.612908899999999868e-01 6.662170200000000477e+03 8.510127499999999827e+02 6.269512399999999985e+00 5.963979800000000250e+04 -9.432448700000000827e+03 -9.992327599999998711e+03 7.445687399999999798e+03 -1.427180099999999948e+04 -3.673352100000000064e+04 -1.113690599999999904e+04 5.126176999999999540e-01 4.121244400000000363e-01 7.041629799999999814e+06 3.948792899999999907e+06 1.331648000000000032e+01
        redesign_dl_12.0_15536.dat 4.398535000000000942e-04 7.026568199999999598e-01 9.716006699999999910e+03 7.634516499999999724e+02 7.367538699999999885e+00 7.345672999999999593e+04 -9.428210100000000239e+03 -1.291180699999999888e+04 1.093850000000000000e+04 -1.444360300000000097e+04 -3.450141000000000349e+04 -1.161481300000000010e+04 -1.973792999999999909e+00 9.462604599999999144e-02 1.085790000000000000e+07 7.630899700000000186e+06 1.346379700000000135e+01
        redesign_dl_12.0_22441.dat 5.196458400000000073e-04 7.373069600000000667e-01 1.065148199999999997e+04 8.228879200000000083e+02 7.712915700000000818e+00 7.592808599999999569e+04 -1.920251800000000003e+04 -1.211662600000000020e+04 1.171628199999999924e+04 -1.453300300000000061e+04 -3.503741400000000431e+04 -1.103030299999999988e+04 -1.383384900000000028e+00 1.696388799999999919e-01 1.085790000000000000e+07 8.117529400000000373e+06 1.353196900000000014e+01
        redesign_dl_12.0_32293.dat 5.349999999999999938e-04 6.508309600000000694e-01 9.084628699999999299e+03 8.534963599999999815e+02 7.250869200000000347e+00 7.900369999999999709e+04 -2.204720400000000154e+04 -1.204370400000000154e+04 1.056739599999999882e+04 -1.439920200000000114e+04 -3.352250600000000122e+04 -1.096281199999999990e+04 -5.494907900000000067e-01 2.845922200000000069e-01 9.477599500000000000e+06 6.165629299999999814e+06 1.402319399999999838e+01
        redesign_dl_12.0_41120.dat -3.240340999999999881e-03 7.468028799999999467e-01 1.046519900000000052e+04 7.730465000000000373e+02 7.594295299999999749e+00 7.607235399999999208e+04 -1.792306399999999849e+04 -9.507255199999999604e+03 1.191709599999999955e+04 -1.441440400000000045e+04 -3.545050800000000163e+04 -1.108393100000000049e+04 -1.834941600000000061e+00 1.098986700000000039e-01 1.108809900000000000e+07 8.487648800000000745e+06 1.428256700000000023e+01
        redesign_dl_12.0_46290.dat 5.277072999999999747e-04 6.558078799999998987e-01 8.964266900000000533e+03 7.938155000000000427e+02 8.012068700000000376e+00 7.241363599999999860e+04 -3.426995500000000175e+04 -1.244630199999999968e+04 1.006868500000000131e+04 -1.453970000000000073e+04 -3.685973999999999796e+04 -1.170851200000000063e+04 -1.739432700000000054e+00 1.191001500000000018e-01 9.628634099999999627e+06 6.316188200000000186e+06 1.347610000000000063e+01
        redesign_dl_12.0_60415.dat -2.808750500000000219e-03 6.988983800000000413e-01 1.006076499999999942e+04 9.053009100000000444e+02 7.313119999999999621e+00 8.931159699999999430e+04 -9.094837600000000748e+03 -1.016003900000000067e+04 1.148839699999999903e+04 -1.429260000000000036e+04 -3.564371699999999691e+04 -1.076470499999999993e+04 -2.792921899999999957e-01 3.118443799999999766e-01 1.085790000000000000e+07 7.593369900000000373e+06 1.355659799999999926e+01
        redesign_dl_13.0_21716.dat 5.152347300000000583e-04 7.093678599999999612e-01 9.718294899999998961e+03 7.069879200000000310e+02 8.129515999999998854e+00 6.214786800000000221e+04 -1.692493900000000212e+04 -1.399062700000000041e+04 1.167489599999999882e+04 -1.471160200000000077e+04 -3.502491400000000431e+04 -1.180832299999999850e+04 -2.970187000000000133e+00 -2.544592000000000034e-02 1.085790000000000000e+07 7.714019400000000373e+06 1.393848000000000020e+01
        redesign_dl_13.0_40322.dat 4.068501499999999993e+00 7.528119899999999864e-01 1.119909900000000016e+04 8.005372499999999718e+02 7.986810399999999532e+00 7.637096500000001106e+04 -2.482068399999999747e+04 -1.248140099999999984e+04 1.270809699999999975e+04 -1.433290200000000004e+04 -3.115174400000000242e+04 -1.081542100000000028e+04 -1.669497600000000137e+00 1.222357000000000027e-01 1.261600000000000000e+07 9.984160000000000000e+06 1.455165799999999976e+01
        redesign_dl_13.0_43619.dat 1.573881000000000085e+00 7.432799800000000623e-01 1.024939599999999882e+04 7.125354399999999941e+02 8.021737999999999147e+00 6.238422499999999854e+04 -2.227613700000000244e+04 -1.470022700000000077e+04 1.231719100000000071e+04 -1.455220200000000114e+04 -3.261430700000000070e+04 -1.181133799999999974e+04 -2.729413099999999925e+00 6.752431399999999848e-03 1.246740000000000000e+07 9.977000000000000000e+06 1.443869900000000150e+01
        redesign_dl_13.0_47165.dat 1.983015800000000051e-01 7.444778300000000071e-01 1.024408799999999974e+04 7.490703500000000759e+02 8.127980000000000871e+00 6.596853600000000733e+04 -3.454150200000000041e+04 -1.458028000000000065e+04 1.221129699999999866e+04 -1.449389999999999964e+04 -3.443652500000000146e+04 -1.145160300000000097e+04 -2.360953600000000208e+00 4.765502499999999669e-02 1.238359400000000000e+07 9.528801800000000745e+06 1.442027099999999962e+01
        redesign_dl_13.0_47952.dat 5.509065800000000124e+00 7.379737800000000236e-01 1.034438099999999940e+04 6.567624399999999696e+02 8.400794100000000597e+00 6.560745799999999872e+04 -3.010405500000000029e+04 -1.153970100000000093e+04 1.212558100000000013e+04 -1.457500100000000020e+04 -3.054922999999999956e+04 -1.127590599999999904e+04 -3.694556200000000068e+00 -1.302759400000000067e-01 1.245049900000000000e+07 9.976500000000000000e+06 1.545109099999999991e+01
        redesign_dl_13.0_50292.dat 3.400345699999999804e-01 7.487589399999999840e-01 1.063369700000000012e+04 7.574781400000000531e+02 8.858329000000001230e+00 6.861120299999999406e+04 -2.195156799999999930e+04 -1.156851000000000022e+04 1.261359500000000116e+04 -1.441230199999999968e+04 -3.545321399999999994e+04 -1.125120100000000093e+04 -2.197862399999999994e+00 5.996564899999999587e-02 1.249149200000000000e+07 9.685117599999999627e+06 1.448238300000000045e+01
        redesign_dl_14.0_14324.dat 8.935556700000001129e+00 7.430069899999999228e-01 1.007818400000000111e+04 6.640138399999999592e+02 8.761589100000000130e+00 5.745074400000000605e+04 -2.474196700000000055e+04 -1.308706600000000071e+04 1.253269700000000012e+04 -1.454360400000000118e+04 -2.741784499999999753e+04 -1.114560100000000057e+04 -3.830504899999999768e+00 -1.421111499999999916e-01 1.251059900000000000e+07 9.976969900000000373e+06 1.608679300000000012e+01
        redesign_dl_14.0_26862.dat 9.753046200000000665e-01 7.496598899999999954e-01 1.075439400000000023e+04 6.963519099999999753e+02 9.525376700000000696e+00 6.796232499999999709e+04 3.507365899999999783e+03 -1.099100599999999940e+04 1.268799899999999980e+04 -1.439010000000000036e+04 -3.268618599999999788e+04 -1.095743199999999888e+04 -3.151103299999999940e+00 -5.895885299999999857e-02 1.250949700000000000e+07 9.924257900000000373e+06 1.557208900000000007e+01
        redesign_dl_14.0_47824.dat 4.399084200000000222e-03 7.390759799999999657e-01 1.030139099999999962e+04 7.073792399999999816e+02 8.573480800000000457e+00 7.068335899999999674e+04 -9.391835900000000038e+03 -1.170960100000000057e+04 1.274429599999999846e+04 -1.454900000000000000e+04 -3.551631000000000495e+04 -1.097720200000000114e+04 -3.083960400000000046e+00 -4.917635599999999746e-02 1.180329400000000000e+07 9.028429800000000745e+06 1.512077899999999886e+01
        redesign_dl_14.0_51321.dat 5.697765000000000413e+00 7.354026599999999858e-01 9.779183399999999892e+03 6.487429000000000769e+02 9.093778900000000220e+00 5.765679099999999744e+04 -3.398690600000000268e+04 -1.288342299999999886e+04 1.197539899999999943e+04 -1.463530400000000009e+04 -3.026720400000000154e+04 -1.142661399999999958e+04 -3.583503099999999719e+00 -1.059860900000000050e-01 1.249670000000000000e+07 9.978740000000000000e+06 1.584928099999999951e+01
        redesign_dl_14.0_52263.dat 7.136894499999999475e+00 7.484498599999999113e-01 1.033019300000000112e+04 6.889824099999999589e+02 8.904622800000000282e+00 6.334349599999999919e+04 -2.467521399999999994e+04 -1.132942299999999886e+04 1.261410000000000036e+04 -1.444750400000000081e+04 -2.862791100000000006e+04 -1.120953199999999924e+04 -3.013298699999999997e+00 -3.217541900000000371e-02 1.251919900000000000e+07 9.979490000000000000e+06 1.619739899999999722e+01
        redesign_dl_14.0_55769.dat 4.731239900000000276e+00 7.335098599999999580e-01 9.534196100000001024e+03 6.340326999999999771e+02 8.541417300000000878e+00 4.841897600000000239e+04 -3.301791100000000006e+04 -1.517510200000000077e+04 1.191819000000000051e+04 -1.474000400000000081e+04 -3.195804400000000169e+04 -1.209228700000000026e+04 -4.227522399999999791e+00 -1.929189300000000162e-01 1.243359900000000000e+07 9.972489900000000373e+06 1.606069199999999952e+01
         redesign_dl_15.0_2336.dat 7.115727800000000158e+00 7.428749199999999941e-01 8.932886199999999008e+03 5.468536599999999908e+02 9.215299599999999813e+00 3.498102300000000105e+04 -4.221833200000000215e+04 -1.407280699999999888e+04 1.182029899999999907e+04 -1.458780099999999948e+04 -2.824870400000000154e+04 -1.162865099999999984e+04 -5.013870999999999967e+00 -2.836956699999999554e-01 1.242679900000000000e+07 9.970629900000000373e+06 1.679689899999999980e+01
        redesign_dl_15.0_40743.dat 8.182526299999999253e+00 7.338499400000000339e-01 9.596328199999999924e+03 5.762817100000000892e+02 9.234658200000000150e+00 4.454644199999999546e+04 -1.944654400000000169e+04 -1.364591499999999905e+04 1.233900000000000000e+04 -1.467380099999999948e+04 -2.701994000000000233e+04 -1.143330299999999988e+04 -5.172434700000000163e+00 -2.980172699999999453e-01 1.248059900000000000e+07 9.973399900000000373e+06 1.711849700000000141e+01
        redesign_dl_15.0_45626.dat 7.472276700000000105e+00 7.413437499999999680e-01 9.674555700000000797e+03 5.883302700000000414e+02 8.898879400000000217e+00 4.922697200000000157e+04 -7.231087800000000243e+03 -1.379862299999999959e+04 1.278849300000000039e+04 -1.453620400000000154e+04 -2.609872000000000116e+04 -1.111481199999999990e+04 -4.271983600000000436e+00 -2.046213899999999863e-01 1.247000000000000000e+07 9.976249900000000373e+06 1.679936700000000016e+01
        redesign_dl_15.0_52870.dat 7.847263100000000158e+00 7.364879800000000420e-01 9.503817999999999302e+03 5.590883000000000038e+02 9.920935999999999311e+00 4.193190799999999581e+04 -2.716690999999999985e+04 -1.489525600000000122e+04 1.196189999999999964e+04 -1.465480199999999968e+04 -2.649921099999999933e+04 -1.172242299999999886e+04 -4.933964600000000367e+00 -2.725665399999999683e-01 1.246890000000000000e+07 9.969949900000000373e+06 1.675299899999999909e+01
        redesign_dl_15.0_52899.dat 8.120329299999999861e+00 7.433488300000000715e-01 9.370399600000000646e+03 5.829358700000000226e+02 9.761678200000000416e+00 5.042601799999999639e+04 -2.186132900000000154e+04 -1.194750900000000001e+04 1.257369900000000052e+04 -1.453900300000000061e+04 -2.908043900000000212e+04 -1.190365099999999984e+04 -4.275678300000000043e+00 -1.935918800000000217e-01 1.244930000000000000e+07 9.972789900000000373e+06 1.681109999999999971e+01
         redesign_dl_15.0_8564.dat 3.364663399999999971e+00 7.429239400000000604e-01 1.006159100000000035e+04 6.019408000000000811e+02 9.012532300000000163e+00 5.374046699999999691e+04 -1.216897899999999936e+04 -1.151252100000000064e+04 1.238189400000000023e+04 -1.454210200000000077e+04 -3.073608099999999831e+04 -1.126131599999999889e+04 -4.264401200000000003e+00 -1.908163700000000129e-01 1.252419700000000000e+07 9.977120000000000000e+06 1.636578899999999948e+01
        redesign_dl_16.0_21716.dat 6.863034900000000604e+00 7.265009499999999232e-01 9.246376999999998588e+03 5.287690800000000309e+02 1.063379399999999997e+01 4.331873800000000483e+04 -7.516818699999999808e+03 -1.472812800000000061e+04 1.260299699999999939e+04 -1.484390200000000004e+04 -2.724713000000000102e+04 -1.212639999999999964e+04 -5.924730499999999900e+00 -3.998301100000000163e-01 1.241219900000000000e+07 9.969319900000000373e+06 1.663103999999999871e+01
        redesign_dl_16.0_40322.dat 1.162029500000000048e+01 7.455139299999999913e-01 9.952028200000000652e+03 5.887429100000000517e+02 1.037149199999999993e+01 4.197381900000000314e+04 -2.878292600000000311e+04 -1.411566500000000087e+04 1.226489899999999943e+04 -1.449370100000000093e+04 -2.456360099999999875e+04 -1.169444899999999870e+04 -4.878483199999999798e+00 -2.798278800000000288e-01 1.252219900000000000e+07 9.975030000000000000e+06 1.664630000000000010e+01
        redesign_dl_16.0_43619.dat 1.089320000000000022e+01 7.386849699999999963e-01 9.256677900000000591e+03 5.321212699999999813e+02 1.026029100000000049e+01 3.689799599999999919e+04 -2.738952200000000084e+04 -1.561886599999999999e+04 1.220259699999999975e+04 -1.467690200000000004e+04 -2.550330199999999968e+04 -1.222805299999999988e+04 -5.577646299999999613e+00 -3.491693300000000000e-01 1.238939800000000000e+07 9.971259900000000373e+06 1.672808600000000112e+01
        redesign_dl_16.0_47165.dat 9.230848399999999288e+00 7.407859099999999364e-01 9.032339100000001054e+03 5.322726599999999735e+02 1.052209000000000039e+01 4.050995100000000093e+04 -2.043817199999999866e+04 -1.569090200000000004e+04 1.226429500000000007e+04 -1.458650100000000020e+04 -2.587312899999999718e+04 -1.197141399999999885e+04 -5.531583200000000033e+00 -3.360126299999999788e-01 1.232729900000000000e+07 9.971269800000000745e+06 1.677299899999999866e+01
        redesign_dl_16.0_47952.dat 1.266013599999999961e+01 7.216709099999999433e-01 9.112148900000000140e+03 5.005042799999999943e+02 1.076578800000000058e+01 4.064206700000000274e+04 -2.852770699999999852e+04 -1.246420400000000154e+04 1.203007200000000012e+04 -1.484780599999999868e+04 -2.581670200000000114e+04 -1.206066200000000026e+04 -6.131435300000000588e+00 -4.227370799999999873e-01 1.235259900000000000e+07 9.967260000000000000e+06 1.744178600000000046e+01
        redesign_dl_16.0_50292.dat 1.037199799999999961e+01 7.438799999999999857e-01 9.601519299999999930e+03 5.521651600000000144e+02 1.123299200000000120e+01 4.662728200000000652e+04 -1.414133199999999852e+04 -1.224399299999999857e+04 1.251059900000000016e+04 -1.451690099999999984e+04 -2.646171199999999953e+04 -1.193421000000000095e+04 -5.006643300000000352e+00 -2.818908200000000419e-01 1.244550000000000000e+07 9.975520000000000000e+06 1.703759700000000166e+01
        redesign_dl_17.0_14324.dat 1.436159799999999898e+01 7.343998300000000867e-01 8.752079799999999523e+03 4.795322199999999953e+02 1.133259200000000000e+01 3.446306099999999424e+04 -1.708650300000000061e+04 -1.417281399999999849e+04 1.255219500000000153e+04 -1.473490200000000004e+04 -2.427851599999999962e+04 -1.190891499999999905e+04 -6.346831500000000403e+00 -4.477582600000000190e-01 1.241019800000000000e+07 9.967869900000000373e+06 1.776969599999999971e+01
        redesign_dl_17.0_26862.dat 9.922335499999999087e+00 7.450409399999999849e-01 9.823838900000000649e+03 5.371461199999999963e+02 1.171978399999999887e+01 4.405833499999999913e+04 -1.757930899999999747e+04 -1.203230199999999968e+04 1.234429500000000007e+04 -1.453220100000000093e+04 -2.471952300000000105e+04 -1.140801599999999962e+04 -5.685978600000000327e+00 -3.698150199999999943e-01 1.241400000000000000e+07 9.972959699999999255e+06 1.765947700000000253e+01
        redesign_dl_17.0_47824.dat 1.007138600000000039e+01 7.310829699999999987e-01 9.352925999999999476e+03 5.329241099999999278e+02 1.073838000000000115e+01 4.596075400000000081e+04 -1.815282500000000073e+04 -1.255050699999999961e+04 1.242939899999999943e+04 -1.475190200000000004e+04 -2.602355400000000009e+04 -1.164600400000000081e+04 -5.706690799999999619e+00 -3.786154499999999645e-01 1.234709600000000000e+07 9.973929900000000373e+06 1.731288199999999833e+01
        redesign_dl_17.0_51321.dat 1.230339399999999905e+01 7.275798199999999882e-01 8.514976399999999558e+03 4.893896799999999985e+02 1.164578799999999958e+01 3.336938599999999860e+04 -3.832310599999999977e+04 -1.357850699999999961e+04 1.179259799999999996e+04 -1.483220700000000033e+04 -2.617334100000000035e+04 -1.191600900000000001e+04 -6.357492900000000446e+00 -4.505402299999999860e-01 1.240129900000000000e+07 9.968079800000000745e+06 1.759608400000000117e+01
        redesign_dl_17.0_52263.dat 1.333859700000000004e+01 7.433269299999999413e-01 9.248953899999998612e+03 5.239128699999999981e+02 1.116169000000000011e+01 4.244352599999999802e+04 -2.039152600000000166e+04 -1.224951499999999942e+04 1.251249899999999980e+04 -1.456830199999999968e+04 -2.408400400000000081e+04 -1.207781699999999910e+04 -5.589823799999999565e+00 -3.499749600000000016e-01 1.239080000000000000e+07 9.970459900000000373e+06 1.790319699999999870e+01
        redesign_dl_17.0_55769.dat 1.242539900000000053e+01 7.273249800000000098e-01 8.154912800000000061e+03 4.509974700000000212e+02 1.073387899999999995e+01 2.867433400000000256e+04 -2.738654699999999866e+04 -1.684420600000000195e+04 1.181519300000000112e+04 -1.492060200000000077e+04 -2.663522999999999956e+04 -1.239170600000000013e+04 -6.830243999999999538e+00 -5.006761100000000075e-01 1.232619500000000000e+07 9.963910000000000000e+06 1.766148799999999852e+01
         redesign_dl_18.0_2336.dat 1.327079200000000014e+01 7.372948799999999858e-01 7.574375900000000001e+03 4.154587999999999965e+02 1.169348500000000080e+01 2.477539000000000306e+04 -2.339613199999999779e+04 -1.446603199999999924e+04 1.205139899999999943e+04 -1.468800400000000081e+04 -2.438441400000000067e+04 -1.229053700000000026e+04 -7.289631499999999598e+00 -5.524143299999999535e-01 1.232550000000000000e+07 9.961169900000000373e+06 1.825409800000000260e+01
        redesign_dl_18.0_40743.dat 1.367989099999999958e+01 7.260559200000000768e-01 8.207576500000001033e+03 4.389747199999999907e+02 1.167039600000000021e+01 2.372463399999999820e+04 -1.648995700000000215e+04 -1.427741300000000047e+04 1.210919400000000132e+04 -1.484460100000000057e+04 -2.394421800000000076e+04 -1.221701000000000022e+04 -7.480194000000000010e+00 -5.873427500000000245e-01 1.240990000000000000e+07 9.962369900000000373e+06 1.840339900000000029e+01
        redesign_dl_18.0_45626.dat 1.357348599999999905e+01 7.336488500000000190e-01 8.551266100000000733e+03 4.554670500000000288e+02 1.114789900000000067e+01 3.120715500000000247e+04 -1.210754999999999927e+04 -1.493701000000000022e+04 1.249139099999999962e+04 -1.471140200000000004e+04 -2.314610399999999936e+04 -1.231570100000000093e+04 -6.680234299999999514e+00 -4.948859999999999926e-01 1.235710000000000000e+07 9.969169800000000745e+06 1.823118300000000147e+01
        redesign_dl_18.0_52870.dat 1.301974399999999932e+01 7.277659400000000556e-01 8.299751200000000608e+03 4.169508100000000468e+02 1.225209399999999960e+01 2.509243999999999869e+04 -2.685326100000000224e+04 -1.600062299999999959e+04 1.188859900000000016e+04 -1.486540200000000004e+04 -2.409012199999999939e+04 -1.220511399999999958e+04 -7.298699099999999440e+00 -5.592192799999999853e-01 1.234620000000000000e+07 9.960159900000000373e+06 1.812969599999999915e+01
        redesign_dl_18.0_52899.dat 1.386699900000000163e+01 7.379369899999999038e-01 8.004167000000000371e+03 4.386399299999999926e+02 1.222767300000000112e+01 2.718811400000000140e+04 -4.881585900000000402e+04 -1.249942399999999907e+04 1.219527399999999943e+04 -1.468630599999999868e+04 -2.518918699999999808e+04 -1.239330099999999948e+04 -6.385479099999999519e+00 -4.352087299999999881e-01 1.232819900000000000e+07 9.962659900000000373e+06 1.836299899999999852e+01
         redesign_dl_18.0_8564.dat 1.086679599999999901e+01 7.353689800000000609e-01 8.770443900000000212e+03 4.565518200000000206e+02 1.123409099999999938e+01 3.604736600000000180e+04 -1.086004700000000048e+04 -1.218290499999999884e+04 1.221819700000000012e+04 -1.468110000000000036e+04 -2.448928299999999945e+04 -1.183852900000000045e+04 -6.569741200000000170e+00 -4.792178200000000166e-01 1.243979900000000000e+07 9.968219900000000373e+06 1.798458499999999916e+01
        redesign_dl_19.0_21716.dat 1.264609600000000000e+01 7.138010000000000188e-01 8.409879100000000108e+03 4.169297900000000254e+02 1.297149500000000089e+01 2.623563100000000122e+04 -1.161621100000000115e+04 -1.541733599999999933e+04 1.247779299999999967e+04 -1.511040300000000025e+04 -2.380410199999999895e+04 -1.238230999999999949e+04 -8.269524500000001055e+00 -6.601692799999999695e-01 1.232489900000000000e+07 9.960329900000000373e+06 1.809358100000000036e+01
        redesign_dl_19.0_40322.dat 1.635889299999999835e+01 7.391908100000000870e-01 8.663206699999998818e+03 4.481179300000000012e+02 1.290147400000000033e+01 2.852606799999999930e+04 -3.421504299999999785e+04 -1.576004800000000068e+04 1.196579799999999886e+04 -1.464379999999999927e+04 -2.215830500000000029e+04 -1.207229999999999927e+04 -7.536951400000000412e+00 -5.926341400000000315e-01 1.237919900000000000e+07 9.966740000000000000e+06 1.789009300000000025e+01
        redesign_dl_19.0_43619.dat 1.571379600000000032e+01 7.269518199999999153e-01 8.270574899999999616e+03 4.235612399999999980e+02 1.246129399999999876e+01 2.678559399999999732e+04 -3.622902799999999843e+04 -1.572122400000000016e+04 1.199359599999999955e+04 -1.483060200000000077e+04 -2.303735499999999956e+04 -1.265341699999999946e+04 -7.576361700000000532e+00 -5.961167799999999017e-01 1.224740000000000000e+07 9.962249900000000373e+06 1.805259100000000316e+01
        redesign_dl_19.0_47165.dat 1.408469900000000052e+01 7.320579400000000181e-01 7.718654599999999846e+03 4.036636100000000056e+02 1.288254399999999933e+01 2.407109100000000035e+04 -2.510103900000000067e+04 -1.592262800000000061e+04 1.212689099999999962e+04 -1.478990099999999984e+04 -2.376360699999999997e+04 -1.237542399999999907e+04 -7.525428999999999924e+00 -5.794855800000000556e-01 1.222169600000000000e+07 9.962940000000000000e+06 1.812449800000000266e+01
        redesign_dl_19.0_47952.dat 1.719433500000000237e+01 7.159569399999999861e-01 7.928617699999999786e+03 3.992036299999999756e+02 1.320709900000000125e+01 2.192970799999999872e+04 -1.709455800000000090e+04 -1.336030299999999988e+04 1.180399099999999999e+04 -1.511010000000000036e+04 -2.347515699999999924e+04 -1.283811499999999978e+04 -7.989342699999999908e+00 -6.255393399999999993e-01 1.223809900000000000e+07 9.957929699999999255e+06 1.865339800000000281e+01
        redesign_dl_19.0_50292.dat 1.545287899999999937e+01 7.363799400000000661e-01 8.373321500000000015e+03 4.275267200000000116e+02 1.351509700000000080e+01 3.028383799999999974e+04 -1.758261399999999776e+04 -1.309492399999999907e+04 1.240929500000000007e+04 -1.467330199999999968e+04 -2.395104300000000148e+04 -1.243172100000000137e+04 -7.210203100000000198e+00 -5.498800999999999828e-01 1.231609700000000000e+07 9.967400000000000000e+06 1.830127200000000087e+01
        redesign_dl_20.0_14324.dat 1.843368700000000260e+01 7.246017299999999439e-01 7.392557999999999993e+03 3.728417800000000284e+02 1.385538799999999959e+01 1.881019199999999910e+04 -2.796532200000000012e+04 -1.454860800000000017e+04 1.214919500000000153e+04 -1.493720000000000073e+04 -2.228282400000000052e+04 -1.247751000000000022e+04 -8.460568800000000778e+00 -6.901669399999998955e-01 1.225310000000000000e+07 9.956779800000000745e+06 1.888554500000000047e+01
        redesign_dl_20.0_26862.dat 1.468915900000000008e+01 7.368668200000000335e-01 8.511004800000000614e+03 4.218424700000000485e+02 1.374409599999999898e+01 3.167497599999999875e+04 -1.464711700000000019e+04 -1.232040799999999945e+04 1.213569599999999991e+04 -1.469050000000000000e+04 -2.230570700000000215e+04 -1.168912100000000100e+04 -7.944743300000000730e+00 -6.352870100000000964e-01 1.227970000000000000e+07 9.967029900000000373e+06 1.892698000000000036e+01
        redesign_dl_20.0_47824.dat 1.523999200000000087e+01 7.193289600000000172e-01 7.992786099999999351e+03 4.145906200000000013e+02 1.318378799999999984e+01 2.595067200000000230e+04 -2.635027299999999741e+04 -1.310117400000000089e+04 1.207199599999999919e+04 -1.493380299999999988e+04 -2.317480299999999988e+04 -1.197381599999999889e+04 -8.029953799999999475e+00 -6.491414800000000485e-01 1.224669900000000000e+07 9.965990000000000000e+06 1.860508799999999852e+01
        redesign_dl_20.0_51321.dat 1.704197200000000123e+01 7.168249899999999952e-01 7.135125500000000102e+03 3.668347200000000043e+02 1.412068899999999871e+01 1.698690799999999945e+04 -3.620268000000000029e+04 -1.416732499999999891e+04 1.185360000000000036e+04 -1.502360800000000017e+04 -2.391775100000000020e+04 -1.276692900000000009e+04 -8.839517100000000127e+00 -7.190428500000000112e-01 1.229599800000000000e+07 9.959099900000000373e+06 1.873898900000000012e+01
        redesign_dl_20.0_52263.dat 1.768108900000000006e+01 7.339079499999999756e-01 8.024613100000000486e+03 4.100172800000000279e+02 1.344197699999999962e+01 3.065317299999999886e+04 -3.562169299999999930e+04 -1.315564199999999983e+04 1.205019700000000012e+04 -1.473550200000000041e+04 -2.232052300000000105e+04 -1.246521900000000096e+04 -7.602642500000000858e+00 -5.982162399999999547e-01 1.229870000000000000e+07 9.962340000000000000e+06 1.897007599999999883e+01
        redesign_dl_20.0_55769.dat 1.706169199999999719e+01 7.158219099999999502e-01 6.648832500000000437e+03 3.343518599999999878e+02 1.295950000000000024e+01 1.097037800000000061e+04 -2.952061599999999817e+04 -1.795342300000000250e+04 1.168359599999999955e+04 -1.512480599999999868e+04 -2.378926000000000204e+04 -1.298850400000000081e+04 -9.204660800000000975e+00 -7.486301600000000445e-01 1.220829700000000000e+07 9.953589900000000373e+06 1.883607499999999746e+01
         redesign_dl_21.0_2336.dat 1.778459400000000201e+01 7.289937600000000462e-01 6.288113400000000183e+03 3.243397599999999557e+02 1.405479900000000093e+01 1.255192300000000068e+04 -2.986430499999999665e+04 -1.486540499999999884e+04 1.198849500000000080e+04 -1.491280099999999948e+04 -2.276110399999999936e+04 -1.248040099999999984e+04 -9.453370700000000681e+00 -7.678267500000000023e-01 1.220169900000000000e+07 9.952999800000000745e+06 1.925497999999999976e+01
        redesign_dl_21.0_40743.dat 1.810699599999999876e+01 7.187016499999999697e-01 6.733808299999999690e+03 3.331417099999999891e+02 1.417599099999999979e+01 8.950768799999999828e+03 -2.392403399999999965e+04 -1.509320200000000114e+04 1.189278899999999885e+04 -1.503820700000000033e+04 -2.204722400000000198e+04 -1.297273500000000058e+04 -9.388646300000001332e+00 -7.663630799999999743e-01 1.232799700000000000e+07 9.954099800000000745e+06 1.942398599999999931e+01
        redesign_dl_21.0_45626.dat 1.819554799999999872e+01 7.256779800000000558e-01 7.195136400000000322e+03 3.566359100000000240e+02 1.351877900000000032e+01 1.715589400000000023e+04 -1.750041300000000047e+04 -1.580189799999999923e+04 1.225078899999999885e+04 -1.490190099999999984e+04 -2.197522199999999793e+04 -1.249210300000000097e+04 -8.525302599999999842e+00 -6.924262700000000104e-01 1.224389700000000000e+07 9.960039900000000373e+06 1.923909400000000147e+01
        redesign_dl_21.0_52870.dat 1.718527600000000177e+01 7.158989899999999018e-01 6.791289499999999862e+03 3.167627699999999891e+02 1.456559900000000063e+01 1.241866400000000067e+04 -4.207104200000000128e+04 -1.678474200000000201e+04 1.152349599999999919e+04 -1.510580099999999948e+04 -2.280935499999999956e+04 -1.274700400000000081e+04 -9.442615899999999840e+00 -7.653372999999999982e-01 1.220309700000000000e+07 9.951250000000000000e+06 1.911328799999999717e+01
        redesign_dl_21.0_52899.dat 1.835140000000000171e+01 7.296129999999999560e-01 6.496460899999999128e+03 3.417567099999999982e+02 1.470319500000000090e+01 1.211223600000000079e+04 -4.402840099999999802e+04 -1.309292200000000048e+04 1.204725900000000001e+04 -1.490120200000000114e+04 -2.302291999999999825e+04 -1.271712800000000061e+04 -8.778461000000000070e+00 -7.113206999999999169e-01 1.221419900000000000e+07 9.953569599999999627e+06 1.937689599999999857e+01
         redesign_dl_21.0_8564.dat 1.544119900000000101e+01 7.259579200000000343e-01 7.331989199999999983e+03 3.662266399999999749e+02 1.352329300000000067e+01 1.923429299999999785e+04 -1.489036299999999937e+04 -1.251840999999999985e+04 1.204939199999999983e+04 -1.483900799999999981e+04 -2.217100300000000061e+04 -1.215431300000000010e+04 -8.622582899999999384e+00 -7.022121199999999952e-01 1.233639800000000000e+07 9.961910000000000000e+06 1.908196200000000076e+01
        redesign_dl_22.0_21716.dat 1.677708900000000014e+01 7.015959899999999472e-01 7.101238199999999779e+03 3.292339900000000057e+02 1.517889800000000022e+01 1.245519599999999991e+04 -2.273988799999999901e+04 -1.586016100000000006e+04 1.213199599999999919e+04 -1.539010100000000057e+04 -2.207221600000000035e+04 -1.259870800000000054e+04 -1.011091700000000060e+01 -8.172995600000000360e-01 1.223519900000000000e+07 9.952600000000000000e+06 1.910829700000000031e+01
        redesign_dl_22.0_40322.dat 2.036848900000000029e+01 7.323649700000000040e-01 7.264882000000000517e+03 3.585847399999999539e+02 1.515909599999999990e+01 1.421342000000000007e+04 -4.085272799999999552e+04 -1.632870600000000013e+04 1.165198799999999937e+04 -1.481850300000000061e+04 -2.107724499999999898e+04 -1.222670900000000074e+04 -9.698728799999999595e+00 -7.853898099999999660e-01 1.226619800000000000e+07 9.956449900000000373e+06 1.885338000000000136e+01
        redesign_dl_22.0_43619.dat 1.928548699999999982e+01 7.206709799999999611e-01 6.603377999999999702e+03 3.417735500000000002e+02 1.454819900000000032e+01 1.756286300000000119e+04 -3.269918199999999706e+04 -1.666229400000000169e+04 1.186678199999999924e+04 -1.502510300000000097e+04 -2.164831399999999849e+04 -1.308100699999999961e+04 -9.511297300000000732e+00 -7.757143499999999969e-01 1.212049600000000000e+07 9.956979900000000373e+06 1.902762699999999896e+01
        redesign_dl_22.0_47165.dat 1.791806700000000063e+01 7.222048300000000198e-01 6.434185599999999795e+03 3.213847399999999652e+02 1.540646899999999953e+01 1.382333100000000013e+04 -5.228691599999999744e+04 -1.561434599999999955e+04 1.167899400000000060e+04 -1.498780099999999948e+04 -2.186110399999999936e+04 -1.292381199999999990e+04 -9.455484399999999567e+00 -7.691778500000000518e-01 1.211889900000000000e+07 9.953649699999999255e+06 1.906948600000000127e+01
        redesign_dl_22.0_47952.dat 2.104378799999999927e+01 7.005115400000000436e-01 6.243608799999999974e+03 3.164348499999999831e+02 1.530509900000000023e+01 7.756428899999999885e+03 -3.702104600000000210e+04 -1.443219000000000051e+04 1.144588699999999881e+04 -1.533010300000000097e+04 -2.218141100000000006e+04 -1.339517000000000007e+04 -9.822786100000000076e+00 -7.988751099999999994e-01 1.208958700000000000e+07 9.939799400000000373e+06 1.954726600000000047e+01
        redesign_dl_22.0_50292.dat 1.944568899999999800e+01 7.305629200000000045e-01 7.024980199999999968e+03 3.433625599999999736e+02 1.573219700000000110e+01 1.802966400000000067e+04 -1.385443699999999990e+04 -1.338297400000000016e+04 1.223089500000000044e+04 -1.485230799999999908e+04 -2.228690500000000247e+04 -1.308342900000000009e+04 -9.325224000000000402e+00 -7.646640900000000185e-01 1.219249600000000000e+07 9.958079800000000745e+06 1.927848099999999931e+01
        redesign_dl_23.0_14324.dat 2.197799300000000144e+01 7.129019400000000672e-01 5.624466699999999946e+03 2.791995700000000511e+02 1.641279499999999913e+01 8.341786100000001170e+03 -3.604117899999999645e+04 -1.498822500000000036e+04 1.194599799999999959e+04 -1.518121200000000135e+04 -2.140581299999999828e+04 -1.301193900000000031e+04 -1.057421299999999853e+01 -8.493047599999999919e-01 1.210099900000000000e+07 9.950770000000000000e+06 1.976499400000000151e+01
        redesign_dl_23.0_26862.dat 1.855718900000000104e+01 7.275277799999999573e-01 7.096292300000000068e+03 3.482132500000000164e+02 1.583568199999999848e+01 2.176485399999999936e+04 -1.183033100000000013e+04 -1.251320800000000054e+04 1.199069900000000052e+04 -1.488160499999999956e+04 -2.104730899999999747e+04 -1.229930599999999868e+04 -9.761556999999999817e+00 -7.928791800000000167e-01 1.213619900000000000e+07 9.956219900000000373e+06 1.985125399999999729e+01
        redesign_dl_23.0_47824.dat 1.943619899999999845e+01 7.132704399999999501e-01 6.478649600000000646e+03 3.342060000000000173e+02 1.581543399999999977e+01 1.002075199999999859e+04 -4.007923099999999977e+04 -1.348778900000000067e+04 1.193419000000000051e+04 -1.511630299999999988e+04 -2.089151099999999860e+04 -1.252231099999999969e+04 -1.001099999999999923e+01 -8.107330799999999948e-01 1.214909800000000000e+07 9.958190000000000000e+06 1.950409000000000148e+01
        redesign_dl_23.0_51321.dat 2.105509899999999845e+01 7.130149000000000070e-01 6.040275999999999840e+03 2.802167599999999652e+02 1.660529899999999870e+01 2.899137899999999718e+03 -3.869985000000000582e+04 -1.475858300000000054e+04 1.165239799999999923e+04 -1.516150100000000020e+04 -2.265879999999999927e+04 -1.323654700000000048e+04 -1.082481100000000040e+01 -8.598920899999999978e-01 1.218790000000000000e+07 9.950138800000000745e+06 1.958629100000000278e+01
        redesign_dl_23.0_52263.dat 2.145339499999999688e+01 7.251898300000000352e-01 6.732934100000000399e+03 3.358546100000000365e+02 1.571305400000000141e+01 1.884396399999999994e+04 -4.310183000000000175e+04 -1.404376699999999983e+04 1.185688899999999921e+04 -1.494790099999999984e+04 -2.139510499999999956e+04 -1.324381300000000010e+04 -9.518128299999998987e+00 -7.736705799999999966e-01 1.219639800000000000e+07 9.954809900000000373e+06 1.978079299999999918e+01
        redesign_dl_23.0_55769.dat 2.102679700000000196e+01 7.077789600000000680e-01 4.750300100000000384e+03 2.461719300000000032e+02 1.518488700000000158e+01 1.590950900000000502e+03 -3.361341100000000006e+04 -1.847852400000000125e+04 1.144757899999999972e+04 -1.529380799999999908e+04 -2.201862699999999677e+04 -1.361430999999999949e+04 -1.136660200000000032e+01 -8.958452700000000268e-01 1.209909900000000000e+07 9.946929900000000373e+06 1.959748199999999940e+01
         redesign_dl_24.0_2336.dat 2.167790000000000106e+01 7.196798500000000098e-01 4.826897899999999936e+03 2.573914699999999698e+02 1.631259199999999865e+01 -2.315202800000000025e+03 -4.036091999999999825e+04 -1.542583799999999974e+04 1.183889400000000023e+04 -1.511090300000000025e+04 -2.192374599999999919e+04 -1.330186899999999878e+04 -1.124100799999999900e+01 -8.932653699999999475e-01 1.206909500000000000e+07 9.942800000000000000e+06 1.989009599999999978e+01
        redesign_dl_24.0_40743.dat 2.204050000000000153e+01 7.072585200000000016e-01 4.876636800000000221e+03 2.575965599999999540e+02 1.651326600000000155e+01 6.279869900000001053e+02 -2.666788099999999758e+04 -1.586020000000000073e+04 1.172298500000000058e+04 -1.524181499999999869e+04 -2.075930400000000009e+04 -1.335160499999999956e+04 -1.135431900000000027e+01 -9.025018399999999996e-01 1.220269900000000000e+07 9.942799300000000745e+06 2.007600000000000051e+01
        redesign_dl_24.0_45626.dat 2.194609900000000025e+01 7.181638100000000691e-01 5.339012499999999818e+03 2.740685200000000350e+02 1.580019200000000090e+01 3.746169400000000223e+03 -3.259893899999999849e+04 -1.635410699999999997e+04 1.187448899999999958e+04 -1.507600100000000020e+04 -2.138680400000000009e+04 -1.287096299999999974e+04 -1.037661100000000047e+01 -8.332586300000000001e-01 1.211039400000000000e+07 9.951960000000000000e+06 1.999986799999999931e+01
        redesign_dl_24.0_52870.dat 2.110617500000000035e+01 7.054749599999999843e-01 5.291048499999999876e+03 2.424799900000000150e+02 1.684697500000000048e+01 4.822628099999999904e+03 -5.390205999999999767e+04 -1.730651199999999881e+04 1.115967900000000009e+04 -1.538090999999999985e+04 -2.149162500000000000e+04 -1.353461000000000058e+04 -1.160691299999999870e+01 -9.129647499999999916e-01 1.202009800000000000e+07 9.940769900000000373e+06 1.986179599999999823e+01
        redesign_dl_24.0_52899.dat 2.208909299999999831e+01 7.187177099999999541e-01 4.615963800000000447e+03 2.535269699999999773e+02 1.716148899999999955e+01 -4.748744099999999889e+03 -5.234873799999999756e+04 -1.451970300000000134e+04 1.181769800000000032e+04 -1.512500200000000041e+04 -2.209291100000000006e+04 -1.364791599999999926e+04 -1.128991100000000003e+01 -8.970635200000000031e-01 1.209999900000000000e+07 9.945640000000000000e+06 1.998129600000000039e+01
         redesign_dl_24.0_8564.dat 1.928150000000000119e+01 7.170796799999999971e-01 5.706754200000000310e+03 2.928455599999999777e+02 1.574219000000000079e+01 7.734331900000000132e+03 -2.149010699999999997e+04 -1.335963799999999901e+04 1.175249899999999980e+04 -1.504570000000000073e+04 -2.106120100000000093e+04 -1.302593199999999888e+04 -1.070510099999999909e+01 -8.544893600000000866e-01 1.221749900000000000e+07 9.953179900000000373e+06 1.992980000000000018e+01
