Statistics: del10. Generated: 11/11/2021 17:02:22. No. files: 120.
                              File                       4                      10                      11                      13                      15                      19                      20                      22                      23                      27                      28                      29                      63                      66                      72                     102                     110
        redesign_dl_05.0_21716.dat nan 9.340343749442944765e-02 2.680295339784872340e+03 2.164738393346272858e+02 3.465593882021785976e+00 4.420487866789758118e+04 1.295526341263724498e+04 9.087516068200951850e+03 1.832517472381776315e+03 1.510582974362186860e+03 6.264084666732367623e+03 1.939114038788803737e+04 1.165522394778317761e+01 1.032175469203593154e+00 1.392060668925390579e+06 7.215657597326938994e+05 5.425777745511387451e+01
        redesign_dl_05.0_40322.dat nan 5.871038441865441410e-02 2.070740960966458260e+03 1.522425190715691485e+02 3.291727937247371116e+00 3.061163903124018907e+04 1.010166514155829100e+04 5.305363991317858563e+03 1.275837513733444439e+03 9.965832674288051294e+02 4.904607689181132628e+03 1.917248391027599428e+04 8.254868873499214388e+00 7.525828874873828900e-01 9.194855428723933874e+05 4.895710972355534323e+05 5.437418558275436453e+01
        redesign_dl_05.0_43619.dat nan 8.578688558216200633e-02 2.934549491132690946e+03 2.361118270803671351e+02 3.856471418552466890e+00 6.204887374837084644e+04 1.624787367950474254e+04 1.014474485317591461e+04 2.120652445658303805e+03 1.596551139494950803e+03 8.915730296676725629e+03 1.979803573318499184e+04 1.337227882931621181e+01 1.100977388066639140e+00 1.491270475572465220e+06 8.612307541224005399e+05 5.471006350739494906e+01
        redesign_dl_05.0_47165.dat nan 4.171074593506832184e-02 2.049979774597958567e+03 1.327892050861431983e+02 3.614977831362200078e+00 3.542690075219318533e+04 1.247541945949713590e+04 7.451553429356398738e+03 1.065441685460631106e+03 6.789981620870066763e+02 5.445201957534600297e+03 1.915603697376881246e+04 1.258422488324876731e+01 1.095536775800322049e+00 6.274281997416013619e+05 3.184595420528976829e+05 5.409995848901705529e+01
        redesign_dl_05.0_47952.dat nan 9.699112754554302385e-02 2.957029686108170608e+03 2.413411626405094239e+02 3.353983062692074579e+00 6.515801220702927822e+04 1.476540103972595170e+04 7.935215099993424701e+03 1.945580260535743719e+03 1.764540906956664458e+03 7.966444659983465499e+03 1.918760573526989174e+04 1.203977832173314511e+01 1.000506728509697352e+00 1.638772983985916944e+06 9.490818431477458216e+05 5.447927363071895002e+01
        redesign_dl_05.0_50292.dat nan 6.022979123640790494e-02 1.957682473775663311e+03 1.455664158684081428e+02 3.106613823923251694e+00 3.018444657018614089e+04 9.969706274284029860e+03 5.764781800762019884e+03 1.222666235850692601e+03 9.388712145837719163e+02 5.017277679023858582e+03 1.924138798170914015e+04 1.130738646824736726e+01 9.688556756767523481e-01 8.688881912753572688e+05 4.255874171230398933e+05 5.415568209607012307e+01
        redesign_dl_06.0_14324.dat nan 6.811732108397598739e-02 3.043570795516145608e+03 2.207866812875469122e+02 3.462374392078272134e+00 6.258498652404197492e+04 2.978174444530262554e+04 9.727714034842201727e+03 1.819727398298922935e+03 1.388891629098252224e+03 7.212258407990436353e+03 1.993264171400320265e+04 9.958032422788310356e+00 9.117269308159235974e-01 1.274553809101594845e+06 8.129331635414293269e+05 5.576238481529940572e+01
        redesign_dl_06.0_26862.dat nan 1.009028844174478801e-01 3.214019527661153461e+03 2.805298986487928801e+02 3.845311707441117388e+00 6.880238741951910197e+04 2.201782516823508195e+04 8.682376623755724722e+03 2.309632038390100661e+03 1.992215686009156116e+03 7.937689075940528710e+03 1.986379843166325372e+04 1.044918710799012729e+01 9.415614542633196082e-01 1.835878261066189967e+06 1.144612699662883533e+06 5.570435709514409695e+01
        redesign_dl_06.0_47824.dat nan 9.107564614098188904e-02 2.976825238216968046e+03 2.401280761359594464e+02 3.959442825059527493e+00 4.824273842837537086e+04 1.509274797638780183e+04 7.039006897984452735e+03 1.700854178238399072e+03 1.566999060693508000e+03 6.404627462631793605e+03 1.966457621591744464e+04 1.177579558849025254e+01 1.040757691992528766e+00 1.451172674896740122e+06 7.920110995202034246e+05 5.504312818077460179e+01
        redesign_dl_06.0_51321.dat nan 9.184962753743389219e-02 3.295353682005801602e+03 2.865471925747773412e+02 4.166393840118276515e+00 6.391853936311700818e+04 3.678498701078590238e+04 9.456568682423783684e+03 2.247409608566309544e+03 1.997656965129432365e+03 8.592894969194470832e+03 1.988750706448709388e+04 1.099204150666571778e+01 9.484985356421137270e-01 1.822192685921050841e+06 1.253186044307407690e+06 5.583555476667253004e+01
        redesign_dl_06.0_52263.dat nan 6.823537169715855610e-02 2.517571250474433782e+03 2.067679619309904808e+02 3.591815118442796440e+00 6.947843091065036424e+04 3.632645411336991674e+04 8.865011054871023589e+03 1.801012522554686257e+03 1.434291405998910932e+03 6.524167004975678537e+03 2.013101683211393902e+04 8.785249457592360756e+00 7.929333852032834917e-01 1.313615692093006102e+06 8.532015284594509285e+05 5.597748159572780224e+01
        redesign_dl_06.0_55769.dat nan 9.142506701024263882e-02 3.438630591714716502e+03 2.756875459080773680e+02 3.778227512651968656e+00 1.023448330111817777e+05 3.492239886412184569e+04 1.032629906087785093e+04 2.699858729704320467e+03 1.843673984115889425e+03 9.088040365744745941e+03 2.074054441776464955e+04 1.265948111209243621e+01 1.060182810763641070e+00 1.695708521020797547e+06 1.077127075468722964e+06 5.604562789205528617e+01
         redesign_dl_07.0_2336.dat nan 1.647844230816055688e-01 6.459901281272334018e+03 5.718126115399825267e+02 4.644678994828677965e+00 1.438170857893557113e+05 7.920176949462597258e+04 1.766078240972448839e+04 4.979769704650895619e+03 4.259240839372891969e+03 1.535029529931625257e+04 2.165185618101523869e+04 1.211274303452864309e+01 1.062990011878347740e+00 3.867887990054716356e+06 3.218195607170364819e+06 5.830576179766220690e+01
        redesign_dl_07.0_40743.dat nan 9.746631930071072980e-02 4.173895147905646809e+03 3.617211596747080762e+02 4.097610032079940012e+00 9.358154824378764897e+04 9.556709951016868581e+04 1.087123410060181413e+04 3.254052229525943403e+03 2.497644322446741626e+03 1.011127443189612495e+04 2.064847238515525532e+04 8.465320237053925112e+00 7.906822277775487073e-01 2.283184975090814289e+06 1.811232352295496268e+06 5.793965327455723724e+01
        redesign_dl_07.0_45626.dat nan 9.125961806005011834e-02 4.033030518083296556e+03 3.051514958990554192e+02 4.413151181669697110e+00 9.219840422477482934e+04 6.275858691559088038e+04 1.098240816674397502e+04 2.996863857091141199e+03 2.231100031600630246e+03 8.961436659818062253e+03 2.071583618266139092e+04 6.924359446679266838e+00 6.358038509823074058e-01 2.047154785681471461e+06 1.529344702735357685e+06 5.824456871878587094e+01
        redesign_dl_07.0_52870.dat nan 8.516947400184476935e-02 4.121255747895275817e+03 3.172857992730125147e+02 4.098426016141988093e+00 1.239259070395319141e+05 1.161592645165431750e+05 1.406533349818366332e+04 3.535346067276306712e+03 2.183369008108634716e+03 1.174693862981011080e+04 2.102164976826384373e+04 1.065144353594350157e+01 1.012919395680213830e+00 2.008285400521866046e+06 1.553905882900532335e+06 5.738882674212299406e+01
        redesign_dl_07.0_52899.dat nan 9.621294061680921161e-02 4.512868151634623246e+03 3.393646827412219977e+02 4.070012951136944501e+00 1.265937978549289401e+05 7.426562703937680635e+04 1.080139123790986559e+04 3.138292932441055200e+03 2.304224242371121818e+03 9.760578279584922711e+03 2.103414623099999153e+04 1.072032695525392221e+01 9.584172692275192418e-01 2.123589747246399056e+06 1.582247936168493005e+06 5.747658261168162142e+01
         redesign_dl_07.0_8564.dat nan 1.322926824371328525e-01 4.898839567319367234e+03 4.116379984733102333e+02 3.566730163443987411e+00 9.636723831725551281e+04 5.817547925925085292e+04 1.089254219315176124e+04 3.554009228649393208e+03 2.988756809693029027e+03 1.149804051236153464e+04 2.058504386215360137e+04 9.847731270365411405e+00 8.082411472117863038e-01 2.772690896997702308e+06 2.013237478022199357e+06 5.710670365199220555e+01
        redesign_dl_08.0_15536.dat nan 1.582261864892352266e-01 6.625877488708415513e+03 5.761819094770173706e+02 4.074906102843989686e+00 1.271798260010194790e+05 9.793985828377172584e+04 1.649509815628129218e+04 4.840009846783143985e+03 3.872690676704003181e+03 1.581777367388096172e+04 2.119249242667908766e+04 9.098832248126111466e+00 8.251924737978789670e-01 3.609185502024532296e+06 3.295780862863870338e+06 5.897208953997354541e+01
        redesign_dl_08.0_22441.dat nan 1.073846958207615720e-01 5.058627569657091954e+03 4.319883363007199932e+02 4.261356056063305253e+00 1.401613374223861028e+05 6.819005380974906438e+04 1.380683625588609539e+04 3.853869821325651174e+03 3.017185115978815247e+03 1.291114120100117725e+04 2.153922244490152298e+04 8.179828636357973082e+00 7.583444221037995980e-01 2.777147962633647025e+06 2.464563102816023864e+06 5.895144276437039110e+01
        redesign_dl_08.0_32293.dat nan 1.249736887180861317e-01 5.527697483636577999e+03 4.654962097813781270e+02 4.842772635747905063e+00 1.210876136268638511e+05 7.073447343283420196e+04 1.346777838519635588e+04 4.053142137036621079e+03 3.271014777600092657e+03 1.218548501782389212e+04 2.158888729511976999e+04 8.536580383165192742e+00 8.094271184739130209e-01 3.014490663965763990e+06 2.467772077171017881e+06 5.883666446707041331e+01
        redesign_dl_08.0_41120.dat 1.199396964340540411e-01 1.489742227485451875e-01 5.903728689240366293e+03 5.411420401617158404e+02 4.800178337008924601e+00 1.241521903823690373e+05 7.927369454535187106e+04 1.389578268212451803e+04 4.296074301757078501e+03 3.544123260068079162e+03 1.456372609381226721e+04 2.211548074153955895e+04 9.541332087563896280e+00 8.210520550405622231e-01 3.255804986957189627e+06 3.224321756790858693e+06 5.877674715870205091e+01
        redesign_dl_08.0_46290.dat nan 1.190640313641463943e-01 5.465959216414275943e+03 4.548525502555762614e+02 4.663743070424930970e+00 1.098724923632403661e+05 1.102897755466514063e+05 1.361892304952381346e+04 4.329564872304573328e+03 3.223186637787233849e+03 1.292630551586291949e+04 2.207797935961152689e+04 9.226438259883895654e+00 8.395233381217991342e-01 2.950439938117906451e+06 2.473426670119447168e+06 5.863268676897705944e+01
        redesign_dl_08.0_60415.dat nan 1.030681354862902493e-01 4.349531702730319012e+03 3.914017860103334101e+02 4.255713968686881010e+00 1.082551819682000787e+05 8.385692292983297375e+04 9.914346036297172759e+03 3.336898143637102294e+03 2.733504242378980052e+03 1.157192731246496260e+04 2.082876960596919162e+04 7.746657882153151320e+00 7.404494112503304803e-01 2.519500958100717980e+06 2.072212869769721292e+06 5.841117339865049018e+01
        redesign_dl_09.0_21716.dat 1.193915742965228288e+00 1.718586849008000017e-01 7.290666241271957006e+03 6.485221010382534814e+02 5.081170763312376160e+00 1.116199517061320075e+05 9.581264415412330709e+04 1.749066992132585438e+04 6.209481531433008058e+03 4.987223776019264733e+03 1.703913399356541049e+04 2.295217154565413148e+04 9.114864320036000223e+00 8.136958877174195193e-01 4.595896785562847741e+06 4.250267310815267265e+06 6.009024534412987606e+01
        redesign_dl_09.0_40322.dat nan 9.805711421655644022e-02 4.830346359633443171e+03 3.960229746550411960e+02 4.339157572518775652e+00 9.678149292715004412e+04 6.765940948105214920e+04 1.261489058336927155e+04 3.576397933462035780e+03 2.493319723490360957e+03 1.158734373391325789e+04 2.159414898679925682e+04 6.588691998107177206e+00 6.167473589025619374e-01 2.233423279989232309e+06 2.297351436619215179e+06 6.000694995997175596e+01
        redesign_dl_09.0_43619.dat 1.685586563372437396e+00 1.360233911871693846e-01 6.782852942002437885e+03 5.694041878947450641e+02 5.329787143742792388e+00 1.282169983227619086e+05 7.987091911688637629e+04 1.910010284247943127e+04 5.092299913064332031e+03 4.081361988323710648e+03 1.665853350469028737e+04 2.342926751222795065e+04 9.307524176719137898e+00 8.712614628595433119e-01 3.696565344751521014e+06 3.605618889387765434e+06 6.021502078214333409e+01
        redesign_dl_09.0_47165.dat nan 9.530675166596093428e-02 5.595262949295893122e+03 4.334946412551914818e+02 5.283287935938915325e+00 1.261345762628892262e+05 1.207322583186196716e+05 1.578582853230465844e+04 4.658748095046079470e+03 2.888145876855050119e+03 1.387236198116316336e+04 2.229305437508487739e+04 1.106217815782612846e+01 9.311845216441608786e-01 2.631048778052732814e+06 2.408820603668301832e+06 5.986200952909643291e+01
        redesign_dl_09.0_47952.dat 3.830874963225996854e+00 1.236976209769036217e-01 5.951190413499501119e+03 4.383472036183448495e+02 4.886336560505056603e+00 1.108232932925430359e+05 9.980664438512109336e+04 1.483136359482940679e+04 4.502019435801998952e+03 3.598614307403914609e+03 1.429680482325913908e+04 2.198918067839586365e+04 9.494651253535890234e+00 8.588864935133477818e-01 3.315688871546837036e+06 3.159872432573676109e+06 5.968546526212743686e+01
        redesign_dl_09.0_50292.dat 3.981407337650168521e-01 1.370482104855901828e-01 5.833520754121925165e+03 5.368319262749621430e+02 4.431314281732197102e+00 1.158081738698134141e+05 4.925415873634214950e+04 1.231293321583221405e+04 3.985513918785135047e+03 3.489705285822809856e+03 1.544919282482727431e+04 2.224321671344919741e+04 8.190318984341390163e+00 7.423851103400733731e-01 3.173334010345614515e+06 3.201769842568579130e+06 5.999860966822949138e+01
        redesign_dl_10.0_14324.dat 3.253951107570371981e+00 9.173696758032565124e-02 6.020606911348420908e+03 4.502342443979044901e+02 4.975845290063261039e+00 8.559959319680566841e+04 3.423942742159050249e+04 1.811621424096359260e+04 3.395158308925713754e+03 2.769493860837130796e+03 1.689228530494920778e+04 2.336224179200286017e+04 7.976013484255431329e+00 7.942213132297540890e-01 2.511815687233643141e+06 2.494215550987683237e+06 6.108538748067714153e+01
        redesign_dl_10.0_26862.dat 2.688703636374067063e+00 1.372795771901245410e-01 6.144490577282648701e+03 5.473103064067623791e+02 5.122760439644248542e+00 9.436738877122937993e+04 4.583870284465685108e+04 1.471296017119842872e+04 4.751673589582840577e+03 4.033990610382419163e+03 1.515616865604575287e+04 2.227033119189200806e+04 8.019540623225950071e+00 7.626596332241732945e-01 3.696475044659583829e+06 3.566187163526428863e+06 6.076376513244317579e+01
        redesign_dl_10.0_47824.dat 2.224741783586772659e+00 1.463932542184474273e-01 6.704257813099749001e+03 6.324666172334887051e+02 5.208715563010810179e+00 1.132606090587018116e+05 3.883681595078556711e+04 1.343393597241093266e+04 4.854827679121206529e+03 4.209243260747911336e+03 1.661179488381762712e+04 2.234887268807379223e+04 9.068244495136227101e+00 8.590247298614415161e-01 3.869766134349645581e+06 3.653353419152798597e+06 6.065690405172245647e+01
        redesign_dl_10.0_51321.dat 4.814419537699120788e+00 1.130145289822904048e-01 6.131090503676291519e+03 5.012896170875666257e+02 5.753320456399357852e+00 1.096231719267822482e+05 4.249603388012502546e+04 1.756925883167250504e+04 4.126150873588001559e+03 3.454842524674747892e+03 1.687158771656905446e+04 2.317111507835995144e+04 9.521467050117101039e+00 8.528376146706643235e-01 3.142959593013740145e+06 3.059061056123410352e+06 6.109423229358328200e+01
        redesign_dl_10.0_52263.dat 2.652446915510879855e+00 1.060420735685413673e-01 5.841603999664096591e+03 4.691681907337954271e+02 4.681361671969264115e+00 8.767022256556038337e+04 2.957982021903007262e+04 1.302758467315137204e+04 4.049347545399541104e+03 3.227886857249691730e+03 1.426924438673817531e+04 2.332206135912502941e+04 7.668830032002361463e+00 7.029111743628851938e-01 2.937564146323709283e+06 2.968152344762673602e+06 6.127956436207259827e+01
        redesign_dl_10.0_55769.dat 3.831790350061820227e+00 1.274724936232866923e-01 7.179087600358227064e+03 5.368667259126807494e+02 5.198395323329165763e+00 1.190179277194516471e+05 6.013329770258012286e+04 1.855446048389815405e+04 5.026274260175112431e+03 3.780482015817841329e+03 1.611435331097758171e+04 2.443386171813646069e+04 9.738967116029826343e+00 8.883917657034765547e-01 3.497094273320464417e+06 3.278903639346800279e+06 6.119769342728996975e+01
         redesign_dl_11.0_2336.dat 7.110488985586309596e+00 1.083151639951968198e-01 7.688312078518803901e+03 5.850085581340991894e+02 6.023071771690910126e+00 1.071865927682528563e+05 3.585358192820585100e+04 2.087919110812988947e+04 4.124548496032386538e+03 3.233085491558572812e+03 1.835113307814781365e+04 2.442070167220135045e+04 1.025675951262900476e+01 1.059176224124826371e+00 2.928869066035662312e+06 2.814210070347093046e+06 6.100061303832482906e+01
        redesign_dl_11.0_40743.dat 5.892194673498612367e+00 7.774764791532791375e-02 5.862009855179349870e+03 4.739299750334107557e+02 5.748198512605345201e+00 9.190227034974627895e+04 5.377948601604760188e+04 1.762571884272716488e+04 3.269424907989871826e+03 2.470414888801555207e+03 1.757199946681058645e+04 2.372677975469426019e+04 8.979228317751962507e+00 9.344282452094216929e-01 2.178567543777066749e+06 2.071964860698998207e+06 6.104087051722189727e+01
        redesign_dl_11.0_45626.dat 5.613422345789363277e+00 8.489949315701614263e-02 6.060930663861304311e+03 4.598968044422897492e+02 6.180103574349835149e+00 7.903081792099708400e+04 2.171460464136163864e+04 1.539098117011986324e+04 3.054262013877302707e+03 2.593425396639030168e+03 1.436574910651256323e+04 2.246383891865288024e+04 7.999128697057038551e+00 8.456555935665173163e-01 2.358511706294111442e+06 2.299903759792243131e+06 6.105727800690128504e+01
        redesign_dl_11.0_52870.dat 5.913114492063809458e+00 6.523042695494145338e-02 6.265369709329007492e+03 4.991300101793346471e+02 5.351181432742921906e+00 8.289369011153583415e+04 3.847548093616203550e+04 2.046342901350443208e+04 3.343156124443861245e+03 2.090096023515503475e+03 1.809124360538638939e+04 2.412279763896889926e+04 8.857488127705117620e+00 9.370383275064522177e-01 1.826824146809289232e+06 1.653552271860657493e+06 6.096349521740745558e+01
        redesign_dl_11.0_52899.dat 5.929704052439124240e+00 9.114265595916437590e-02 6.615434508322054171e+03 4.541175642153971808e+02 5.901708181823176247e+00 9.143510149492553319e+04 6.442136295289390546e+04 1.644050880237811725e+04 3.448907376951638071e+03 2.717264212180260074e+03 1.603987122779299716e+04 2.422825560176654835e+04 8.820995618199008348e+00 8.700939593126285621e-01 2.440567908005150035e+06 2.435113380288732704e+06 6.084042809554310338e+01
         redesign_dl_11.0_8564.dat 5.281921542363413380e+00 1.265023345819312750e-01 7.022820049013691460e+03 5.378651362930382902e+02 4.671865363922562686e+00 1.124100515413066460e+05 3.935740610574022139e+04 1.498942579559095429e+04 4.438733825294666531e+03 3.737822940813941386e+03 1.645903557428633940e+04 2.334275760340778652e+04 9.816511251781331993e+00 8.892725490630903895e-01 3.395967064714553766e+06 3.253194405025710817e+06 6.085014137558442116e+01
        redesign_dl_12.0_15536.dat 7.506140377012841647e+00 5.922217234412936043e-02 6.838675992950335058e+03 5.865354759345289040e+02 5.363077377939419854e+00 9.268149666089072707e+04 4.225165354572457727e+04 1.933775076882968642e+04 3.084333180732443907e+03 1.793420158883818885e+03 2.044627052582462420e+04 2.492935817439232414e+04 1.042921833218393601e+01 1.122653611135947749e+00 1.523427666274377145e+06 1.285443506359036313e+06 6.082740949270394282e+01
        redesign_dl_12.0_22441.dat 7.175445259155932121e+00 4.014702434049174928e-02 5.570720768147034505e+03 5.905766238367561982e+02 5.825221785592890278e+00 1.004553746586181078e+05 5.599914027039534267e+04 1.963708171973183198e+04 2.738401191846072379e+03 1.763387991655063843e+03 1.729113810978398396e+04 2.358296022422349051e+04 1.006169328921121142e+01 1.034885678704191125e+00 1.558569484390669502e+06 1.102044881474139402e+06 6.074899597738642143e+01
        redesign_dl_12.0_32293.dat 6.517845869414768956e+00 8.336851696554821445e-02 6.280399998676619362e+03 5.139247489295738660e+02 6.494513757879884608e+00 8.846711272568842105e+04 5.980320401648891857e+04 1.704508959012738342e+04 3.430106458185462088e+03 2.378599366314831514e+03 1.731135548329315498e+04 2.364433943625120082e+04 8.731599565120038875e+00 9.320969537176269082e-01 2.153839903266129550e+06 2.097179577289226465e+06 6.069111988247780687e+01
        redesign_dl_12.0_41120.dat 7.785308404809492266e+00 3.568145601501319930e-02 5.716149784848223135e+03 5.709728050585410983e+02 6.392878988924730166e+00 9.313717259215479135e+04 5.605243613563415420e+04 1.822000332554761917e+04 2.730038880146532392e+03 1.642526077714991288e+03 1.796230135629659708e+04 2.406911798782374171e+04 9.107618623388123780e+00 9.944851188385454011e-01 1.411820519401293481e+06 9.983032970813735155e+05 6.019475319193470852e+01
        redesign_dl_12.0_46290.dat 7.646349492893372179e+00 8.075334294462915841e-02 6.505632481896111130e+03 5.757359419527400632e+02 6.322647643271211315e+00 1.033112788579222834e+05 8.131767567324807169e+04 2.080445167154642331e+04 4.128535684942799890e+03 2.459987846957458714e+03 2.146508933785013505e+04 2.481874108772858381e+04 1.072748020440856287e+01 1.117229622233741226e+00 2.166972191983048338e+06 2.074753742929035798e+06 6.088292913923073968e+01
        redesign_dl_12.0_60415.dat 6.194811188753190478e+00 5.196133256018552887e-02 4.786444842125795731e+03 4.823932228357076610e+02 5.938602301322082333e+00 8.237552051246736664e+04 3.859909135879089445e+04 1.587201343469051426e+04 2.977632511279417940e+03 1.556038383172541899e+03 1.506513221577644072e+04 2.342366440754657742e+04 8.767681689738418882e+00 9.092441567931024426e-01 1.390767967300300486e+06 1.342407004040406784e+06 6.090256007723594678e+01
        redesign_dl_13.0_21716.dat 8.602880146402679173e+00 5.504935855105188430e-02 6.653212671731962473e+03 6.320642731531046365e+02 6.367473450613204022e+00 1.049099330460721540e+05 5.435979656621212780e+04 2.044978826067310729e+04 3.035047641796938024e+03 1.977518931099467864e+03 1.871145879173963112e+04 2.485434695145277510e+04 9.394893240154010172e+00 1.037216914328027872e+00 1.648288481224000687e+06 1.311566287718639243e+06 6.012953782398348324e+01
        redesign_dl_13.0_40322.dat 5.436161402369694251e+00 2.719668786478148664e-02 4.942033535682461661e+03 4.371488198410743280e+02 5.758145830569019630e+00 7.950500300717538630e+04 5.797576512339544570e+04 1.723242911989899949e+04 2.307971752518959420e+03 6.568983997853080155e+02 1.561324485910596377e+04 2.359050274442763111e+04 7.425318921790366566e+00 8.462960158296173319e-01 4.897483432974552852e+05 3.266716368297884765e+04 6.002681252368611808e+01
        redesign_dl_13.0_43619.dat 8.046107805940861724e+00 4.203910183813297508e-02 6.309553062103313096e+03 5.723056284904779432e+02 6.756560375984477673e+00 9.508226943330884387e+04 5.872454873776568274e+04 2.184167632606792540e+04 2.812074189134337303e+03 1.035006900587046630e+03 1.935884076377734891e+04 2.497773047886974018e+04 9.119043409672144662e+00 1.024278670228332633e+00 7.393282553356430726e+05 4.730203902458719676e+04 5.990847969272017082e+01
        redesign_dl_13.0_47165.dat 7.689463061940856825e+00 3.895568283459843045e-02 6.557299588467153626e+03 6.570606037659530330e+02 6.940860731116928584e+00 1.111095234935104963e+05 7.415180719764812966e+04 2.179458998755681387e+04 2.856720939895267747e+03 1.262139824006674644e+03 1.929899300556993330e+04 2.463013082190557179e+04 9.865899462134724018e+00 1.084220199539664975e+00 1.051641652570867445e+06 7.064187356610860443e+05 6.011225399773255162e+01
        redesign_dl_13.0_47952.dat 7.274426033736784980e+00 4.528627426401538036e-02 6.914614489197630974e+03 5.619487753981778724e+02 6.365892557434770893e+00 9.308837302177173842e+04 7.066137401801919623e+04 1.953368199128783090e+04 2.884499099984342593e+03 1.066690162784737822e+03 1.907806455189699045e+04 2.440359224386279675e+04 9.613238894879131635e+00 1.094165240038916798e+00 7.991387268997976789e+05 4.692871545889906702e+04 5.966954110514821252e+01
        redesign_dl_13.0_50292.dat 8.285309008060984581e+00 3.346862321063366619e-02 5.952354692489383524e+03 6.116030198273249425e+02 5.958578484478581849e+00 1.001607756027685537e+05 5.968369200512205862e+04 1.622855782199386340e+04 2.627822003662251973e+03 9.660432359494122920e+02 1.885295781487703425e+04 2.434606648300884626e+04 9.442862735321513767e+00 1.060650410496220220e+00 7.851455912563721649e+05 4.330133647951906896e+05 6.031565568105542496e+01
        redesign_dl_14.0_14324.dat 4.446262846010762715e+00 3.898711421912449959e-02 7.888271538514452004e+03 4.528383213442362489e+02 6.555679476936962402e+00 8.219593804125249153e+04 6.697004761843546294e+04 2.186146630782926877e+04 2.516130849104917615e+03 9.522441886404147908e+02 1.823538126509798167e+04 2.438052635046813157e+04 8.326999682991008456e+00 9.500831262938488342e-01 7.016833921070428332e+05 4.987055220921926957e+04 5.895922139574872034e+01
        redesign_dl_14.0_26862.dat 8.433782261363631960e+00 3.438756716934310981e-02 5.870841277493695998e+03 5.962853168862673101e+02 6.586816690507143690e+00 8.279107087458034221e+04 2.295470553546233714e+04 1.861599611668414218e+04 1.843238824056675412e+03 8.013157255949496403e+02 1.760495501555207375e+04 2.349450741047774500e+04 9.614907154257267052e+00 1.057085515531374975e+00 5.829623735528779216e+05 1.932666795199575427e+05 5.928263228382394345e+01
        redesign_dl_14.0_47824.dat 8.337159742858444744e+00 4.285873834824692474e-02 6.699301179558902732e+03 5.964999895366007649e+02 6.677042376111773869e+00 9.244168658565847727e+04 4.869339663249365549e+04 1.778927410474294447e+04 2.269952525121818326e+03 1.440544255342234692e+03 2.052387068118419847e+04 2.387750328333087236e+04 9.665949261354915834e+00 1.075690400596291285e+00 1.247893276986568235e+06 7.232162125731998822e+05 5.977410845355868929e+01
        redesign_dl_14.0_51321.dat 7.116321753984386156e+00 4.418931352530174744e-02 6.882213571616592162e+03 5.011873310745522758e+02 6.990279790681607430e+00 9.131237325419459376e+04 7.979244381334520585e+04 2.252521711125691581e+04 2.941565368339713132e+03 1.021312957019158148e+03 1.776548136422943935e+04 2.442070137269769475e+04 9.101176041802418126e+00 1.028117635419966813e+00 7.813743682172695408e+05 4.670645247933352221e+04 5.926256324595518521e+01
        redesign_dl_14.0_52263.dat 5.227108148771490548e+00 3.596710612957844388e-02 6.339191707353323181e+03 4.091583806645128334e+02 6.208277093154951132e+00 7.979239281113809557e+04 6.745357253355276771e+04 1.735859571950968893e+04 2.593517365601188430e+03 8.763356844673958221e+02 1.634794246027498957e+04 2.406733424755371743e+04 8.091369377642926963e+00 9.244025245045622841e-01 6.474932599393662531e+05 4.297200268315398716e+04 5.913805243297957759e+01
        redesign_dl_14.0_55769.dat 7.528303451426572757e+00 5.156379695260401158e-02 7.746505625452164168e+03 5.470154654337511602e+02 6.951610986665959224e+00 1.029797265961066732e+05 7.570498321002008743e+04 2.252366671396716629e+04 3.505050902664876503e+03 1.208629494089676655e+03 2.205990162796433287e+04 2.571055565342001137e+04 1.047229435292065958e+01 1.150293355458158029e+00 9.339800888291887240e+05 5.689273941026649118e+04 5.916018367604082329e+01
         redesign_dl_15.0_2336.dat 7.682948307511760611e+00 4.441718310264820141e-02 9.417182084831074462e+03 5.501148935309023500e+02 7.213699649896319954e+00 1.017207762779771001e+05 9.265593547166325152e+04 2.323511043138239256e+04 3.632030698979004683e+03 1.164848443862441854e+03 2.188821506771288114e+04 2.469479884911342742e+04 9.458141524746615403e+00 1.078685723759009285e+00 8.246428018643511459e+05 6.115168966327499220e+04 5.858576684302386894e+01
        redesign_dl_15.0_40743.dat 5.957468214778419480e+00 4.362376013214092768e-02 7.728445817746192006e+03 4.438881566847800855e+02 7.590925242704980924e+00 9.532363444781852013e+04 6.034655876791386254e+04 2.118046801263626912e+04 2.736253470187398307e+03 1.041178250276787367e+03 1.865005103797417905e+04 2.436268950151065292e+04 9.115402946774063153e+00 1.025113427215335715e+00 7.871254944497204851e+05 5.529623275181134522e+04 5.838027751568559154e+01
        redesign_dl_15.0_45626.dat 6.653523844248747210e+00 4.098146735210272257e-02 7.408007530192412560e+03 5.046648620838113288e+02 7.901215789758308183e+00 8.598896840633891406e+04 3.982378015966990642e+04 1.940988274639811789e+04 2.316997031089692427e+03 9.458646001947711284e+02 1.705606400346344162e+04 2.352137550646266027e+04 8.783072517574980864e+00 9.994446201441984368e-01 7.083918547050296329e+05 4.846774816397239192e+04 5.860499100942241313e+01
        redesign_dl_15.0_52870.dat 5.963370437329555074e+00 4.376864502190037226e-02 8.207088302601936448e+03 5.035258326795177481e+02 7.012674788305273132e+00 9.097529042866615055e+04 7.326267346394000924e+04 2.499163413009874421e+04 3.020355110743587829e+03 1.101308829853842553e+03 1.990449930174312613e+04 2.513819535038186223e+04 9.087291263524663876e+00 1.045403713716120064e+00 8.020868154248686042e+05 6.292357633137336234e+04 5.839069653889416145e+01
        redesign_dl_15.0_52899.dat 6.547387462612864972e+00 4.271383212362178661e-02 8.220426190157222663e+03 4.731556321216820038e+02 7.546203647569118544e+00 8.954454388693172950e+04 6.148214280568528920e+04 2.375343612143236896e+04 2.654779263356750562e+03 1.053105683720647221e+03 2.000081904732424664e+04 2.492184880696434993e+04 9.437197189170454692e+00 1.066947447899590173e+00 7.467879847468924709e+05 5.699171745371576981e+04 5.860207817658284313e+01
         redesign_dl_15.0_8564.dat 8.301668438639566716e+00 3.738729160426485648e-02 7.211711624989377015e+03 5.799740410364869376e+02 6.108729911712249994e+00 9.095708192033244995e+04 4.911159972687895788e+04 1.988498748573325793e+04 2.571492933436379644e+03 9.441854887686528173e+02 1.808039835091379791e+04 2.439148371497948028e+04 9.551760216991642238e+00 1.083853939640332831e+00 6.564888749830365414e+05 4.917428547093590896e+04 5.878492146434051335e+01
        redesign_dl_16.0_21716.dat 7.848287820517477087e+00 5.366227915616258309e-02 8.708631177671621117e+03 5.566174972040249713e+02 7.235096807799967777e+00 1.021166982744246052e+05 4.366603635580909031e+04 2.327267132598064563e+04 2.573702429316523649e+03 1.285899677931871793e+03 2.016305209528732667e+04 2.572073330923309550e+04 1.013026739924562314e+01 1.144446849078375017e+00 9.418946303587497678e+05 6.702359428802852926e+04 5.839278401929257001e+01
        redesign_dl_16.0_40322.dat 4.316038476816054903e+00 3.762088728461452508e-02 7.054107548067321659e+03 3.815147200902795248e+02 6.964848362848488961e+00 8.194122528966260143e+04 7.316428477199016197e+04 2.078225949627390582e+04 2.782072748860213778e+03 9.772043193219550403e+02 1.758361750177665454e+04 2.481973317685746588e+04 8.151965820563441767e+00 9.315731510998466192e-01 6.794196757649637293e+05 5.165191629189749801e+04 5.837317161520642372e+01
        redesign_dl_16.0_43619.dat 5.742637455872595886e+00 4.957243965526872409e-02 8.012175697940747341e+03 4.218707389539663382e+02 7.857825329985211660e+00 9.045248976474400843e+04 7.083065201647483627e+04 2.433053370842404547e+04 3.053013218505264376e+03 1.238625424700723443e+03 1.918082101233947469e+04 2.598555188382815322e+04 8.471170444203080407e+00 9.708637296988840149e-01 8.814582584836703027e+05 6.327723778400773881e+04 5.830695067274042742e+01
        redesign_dl_16.0_47165.dat 5.982758045578839834e+00 4.947426984586181936e-02 9.356424590345070101e+03 5.212773939639574792e+02 8.028471975821888762e+00 1.034390693412954279e+05 5.556860259166337346e+04 2.320591650285950163e+04 2.724511708834715137e+03 1.147632909662302836e+03 1.923203653260258943e+04 2.519728924121230011e+04 9.187522762255106556e+00 1.047348411033379501e+00 8.545716210182029754e+05 6.407713742902252125e+04 5.843228187782649030e+01
        redesign_dl_16.0_47952.dat 6.240854275966295717e+00 5.722942776579464236e-02 9.110613989274848791e+03 4.634102044977474861e+02 7.351284049864511339e+00 9.319593974106950918e+04 7.235482473256750382e+04 2.309326284274256977e+04 3.338110123830994326e+03 1.354389132455326035e+03 2.138474443738478658e+04 2.525249472242254342e+04 9.225494185649198542e+00 1.053732247819317625e+00 1.003484572330115014e+06 6.747560468136848067e+04 5.809931135689497950e+01
        redesign_dl_16.0_50292.dat 5.921616819792995479e+00 4.131952020386531199e-02 8.083420616624359354e+03 4.229780414412405207e+02 7.073875383518246629e+00 8.345809267852245830e+04 5.228195347251529893e+04 1.889882213477134064e+04 2.725637498029403559e+03 1.031452440206921892e+03 1.784617723963372919e+04 2.516033738604057362e+04 8.509421342927373288e+00 9.809302657351434140e-01 7.238281786071344977e+05 5.339236888936319883e+04 5.855682204493850662e+01
        redesign_dl_17.0_14324.dat 4.284319639742257380e+00 4.936041130007044753e-02 1.029707570926528570e+04 4.838824108128778789e+02 7.780348001902005706e+00 9.300950671765614243e+04 5.953186829763192509e+04 2.431771474535673769e+04 2.736168393368502620e+03 1.274742630314174676e+03 2.154905450397914683e+04 2.535673155644123835e+04 9.471064363202664538e+00 1.077800299991069188e+00 8.877044157025944442e+05 7.191193574119167170e+04 5.765702223695009820e+01
        redesign_dl_17.0_26862.dat 6.159994277050496514e+00 4.518126190100123923e-02 7.958875730881009076e+03 4.062652122411670916e+02 7.640364832841123999e+00 8.038832144097736455e+04 6.145418971956585301e+04 2.077404333387311272e+04 2.563915922037308519e+03 1.071782667385762579e+03 1.723238564689905616e+04 2.440706476463601211e+04 9.220654307496609192e+00 1.058870679457310837e+00 7.847024630440965993e+05 5.406692690012270759e+04 5.786492842008367887e+01
        redesign_dl_17.0_47824.dat 6.188014817897454556e+00 5.552045749719917295e-02 8.654363421229110827e+03 4.138123758169236908e+02 7.723929857078204009e+00 9.238586493340940797e+04 6.362313694484918233e+04 2.036486308200629719e+04 2.751190177137631508e+03 1.292220580237948752e+03 1.879286910253489259e+04 2.473135969414128340e+04 8.826252600918239821e+00 1.036526621694177752e+00 9.747879346818921622e+05 5.607344152508851403e+04 5.821629311303722432e+01
        redesign_dl_17.0_51321.dat 6.230271448812125357e+00 5.478270073008054131e-02 9.136231899214020814e+03 4.322635023360350601e+02 7.824829695761472692e+00 9.619858239138248609e+04 8.840437955188770138e+04 2.536634591345680747e+04 3.290859547695294168e+03 1.339368435100178885e+03 2.132288001364310912e+04 2.561329279097156177e+04 9.415148579928246164e+00 1.109464497319834875e+00 9.666441284206159180e+05 6.826085975194611819e+04 5.794430210683964333e+01
        redesign_dl_17.0_52263.dat 4.570727974363273383e+00 4.588224595395885841e-02 8.389985337471958701e+03 3.941849203216261799e+02 7.407861159124951023e+00 7.907648388513900863e+04 6.279216469809339469e+04 1.984994564889011963e+04 2.707545540927471848e+03 1.165952497842493585e+03 1.701195432159146367e+04 2.546216137799664284e+04 8.417478374959072696e+00 9.740039742864029515e-01 8.132995838950402103e+05 6.173349810565790540e+04 5.782947344748819773e+01
        redesign_dl_17.0_55769.dat 5.859423581688089300e+00 6.010511011946828575e-02 9.704103153544305314e+03 4.942326414398270344e+02 8.208141550465510861e+00 1.064158520135501167e+05 7.325964906590979081e+04 2.570219302496287492e+04 3.590131013423467266e+03 1.490270560847485058e+03 2.262093372862924662e+04 2.636424301119166921e+04 9.996710929712515181e+00 1.138676257538705716e+00 1.052541693875970319e+06 7.685944758514162095e+04 5.777944897893819842e+01
         redesign_dl_18.0_2336.dat 6.498616277260875762e+00 5.369521007150693942e-02 1.146342174095414885e+04 5.166428432754745472e+02 8.350096444623549274e+00 1.046715152618792199e+05 6.656792983274873404e+04 2.558535802739654901e+04 3.145866261160867907e+03 1.380737398063077762e+03 2.275065156303569165e+04 2.607163366834852422e+04 9.743795984193491577e+00 1.095629752078782770e+00 9.456475076306419214e+05 8.055215061158186290e+04 5.745029649694873797e+01
        redesign_dl_18.0_40743.dat 5.663323976196099174e+00 5.635668564136241121e-02 1.037904076153713504e+04 4.443886262444838167e+02 9.015713044830038214e+00 1.087658682188578241e+05 6.021815333008426387e+04 2.434871537675717627e+04 3.058364604062286617e+03 1.459520042216929596e+03 1.994997901867839391e+04 2.571686913370536786e+04 9.551647134943360484e+00 1.072540613432870105e+00 1.004647340327078127e+06 7.937998388057190459e+04 5.730727885784664721e+01
        redesign_dl_18.0_45626.dat 6.041762795425134946e+00 5.272451683700885017e-02 9.517586000698986027e+03 4.415880308440378599e+02 8.980927832802180433e+00 9.142756087179204042e+04 5.056990740520069085e+04 2.377158733000924985e+04 2.763104854463546417e+03 1.278260618581814242e+03 1.911271897645321224e+04 2.526644881522580181e+04 9.106040081714411372e+00 1.047600276743083203e+00 9.281482500821839785e+05 6.629098897867256892e+04 5.754111736985830561e+01
        redesign_dl_18.0_52870.dat 6.103099448940521476e+00 5.533740353718735044e-02 1.027647429521532467e+04 4.730546542732797661e+02 8.448340730804552834e+00 9.895363654260299518e+04 7.725181286059689592e+04 2.865701287237552970e+04 3.647435094876071162e+03 1.423717258104797565e+03 2.197883687788851603e+04 2.614642436581179936e+04 9.989328269836168062e+00 1.113864594811432740e+00 1.002412283697594190e+06 8.292623937043745536e+04 5.725641098948044316e+01
        redesign_dl_18.0_52899.dat 5.772384732906084892e+00 5.379443638072260725e-02 1.068076820981392666e+04 4.264285046477812671e+02 8.744095522027638623e+00 1.018499688270343613e+05 1.038242515132031258e+05 2.740948277501441407e+04 3.495038868006934536e+03 1.353066730233418639e+03 2.037921564284492706e+04 2.544161298673867350e+04 9.550251688189993260e+00 1.089896548238147744e+00 9.447943117479512002e+05 7.947037403800255561e+04 5.745557632629140699e+01
         redesign_dl_18.0_8564.dat 6.811751886621450147e+00 4.706129428417453464e-02 9.850989790950676252e+03 4.837523167317891080e+02 7.157269882843415587e+00 9.140643234498557285e+04 5.185504266621958959e+04 2.304115713885629884e+04 2.780720357298803265e+03 1.165049460695895050e+03 1.902552323397971486e+04 2.506553676621478007e+04 9.205594358924985343e+00 1.054591379421063735e+00 8.204072092368114972e+05 6.786118321058111906e+04 5.750162582685722157e+01
        redesign_dl_19.0_21716.dat 7.125829648088611634e+00 6.593538658499496774e-02 1.141411671159109937e+04 5.059406897729891170e+02 8.144256695940812918e+00 1.080015427393725258e+05 5.169555341480455536e+04 2.526636625934482436e+04 2.923567492259874598e+03 1.591525257254346116e+03 2.132797666335869872e+04 2.605727791314193382e+04 1.059265643938285528e+01 1.167933733055120937e+00 1.172234240977265872e+06 8.807444781116409285e+04 5.727206022006298980e+01
        redesign_dl_19.0_40322.dat 4.112205918987905662e+00 4.875352096219492948e-02 9.251301887529320084e+03 4.020477497927699346e+02 8.046993344327400877e+00 9.100309510810552456e+04 8.053617693453234097e+04 2.506985262358984255e+04 3.027290146795633063e+03 1.266700213927527329e+03 1.866101719814074022e+04 2.503823835347934437e+04 9.833198841606442642e+00 1.083027393654170334e+00 8.668614567315586610e+05 7.068130518892593682e+04 5.734068410718110442e+01
        redesign_dl_19.0_43619.dat 5.598958399507917072e+00 6.444353313942935424e-02 1.026163966405495739e+04 4.355639981932918090e+02 8.794712789731940816e+00 9.811459061370529525e+04 8.857194724756546202e+04 2.635805618076592509e+04 3.348224704909126103e+03 1.580993375982357975e+03 2.040083726403521723e+04 2.625811261952578570e+04 9.321861769465590086e+00 1.049280283566655481e+00 1.146294846945756115e+06 7.788880707369068114e+04 5.726325415682404696e+01
        redesign_dl_19.0_47165.dat 5.899153895217249755e+00 6.083612283272303578e-02 1.198014422622447455e+04 5.216822700248310412e+02 8.989039995380025516e+00 1.135686905059475102e+05 6.629984267540567089e+04 2.562519260711670722e+04 2.938493044035483308e+03 1.479877549146956198e+03 2.095333469307477935e+04 2.569563149380436516e+04 9.673657104046611721e+00 1.077010257461132881e+00 1.062485509871894261e+06 7.966912967133425991e+04 5.738911253899208020e+01
        redesign_dl_19.0_47952.dat 5.976741118123237051e+00 7.565273123979594783e-02 1.157622069240590281e+04 4.568000901827231246e+02 8.583991009625275836e+00 1.066449687612550042e+05 6.105399331042595441e+04 2.574823487985211978e+04 3.514871031466084787e+03 1.744104319236094852e+03 2.312936051965317893e+04 2.630859288363943779e+04 9.945044506143151608e+00 1.107413213935859453e+00 1.340704444111756049e+06 9.242935006045266346e+04 5.709194715457068270e+01
        redesign_dl_19.0_50292.dat 5.745053069877265273e+00 5.398197035139878919e-02 1.023399930103078259e+04 4.282911056316102076e+02 8.187644053710707581e+00 8.858440430242737057e+04 6.325410879135541472e+04 2.231334126594027475e+04 2.995142030631232956e+03 1.368981840336953837e+03 1.951680242659566284e+04 2.589449515500215057e+04 8.961817632867903782e+00 1.018956760320825383e+00 9.556447571534637827e+05 6.860524108895473182e+04 5.750926198466576977e+01
        redesign_dl_20.0_14324.dat 4.487756652752850073e+00 6.182879300779346721e-02 1.371912217211167626e+04 5.307816235261819884e+02 9.068436438727600191e+00 1.075462486633261142e+05 7.729341935431596357e+04 2.685112728898626301e+04 3.210145712529205412e+03 1.590110564928027998e+03 2.386999201368295689e+04 2.552462241629372875e+04 9.834373622916976032e+00 1.088250299421558598e+00 1.100052790971459355e+06 9.154199989276946872e+04 5.671231549737812117e+01
        redesign_dl_20.0_26862.dat 5.952051147410155174e+00 5.656837454389548880e-02 1.032215735593815771e+04 4.000099639100311606e+02 8.618715141698348958e+00 8.400646012115532358e+04 5.953285570905749046e+04 2.254222641804986779e+04 2.820799849048266424e+03 1.383573870847025319e+03 1.886215347495298920e+04 2.484021522127370190e+04 9.569277761203503374e+00 1.089883050378636975e+00 9.833822326461068587e+05 7.430348487433959963e+04 5.691156445343769121e+01
        redesign_dl_20.0_47824.dat 5.611117005118356538e+00 7.135866552503372651e-02 1.101905996303535903e+04 4.324290791542640022e+02 8.711898165756869261e+00 1.023210348929735337e+05 7.819919671513483627e+04 2.285720341398035816e+04 3.377434266749012750e+03 1.688590714467618909e+03 2.028205933442282185e+04 2.505473544639831380e+04 8.650920034517328716e+00 9.743614037645507153e-01 1.267205695613179356e+06 7.179157088296925940e+04 5.716711492807242934e+01
        redesign_dl_20.0_51321.dat 5.940825229277025166e+00 6.817799922015484182e-02 1.135440110007882322e+04 4.351031575698727352e+02 8.749807707096605824e+00 1.070718117137799127e+05 9.198329215128631040e+04 2.802764039091506856e+04 3.420628415213901917e+03 1.692515106763201857e+03 2.389483062217438783e+04 2.637780619424103133e+04 1.065163275394220221e+01 1.183858875645165343e+00 1.194828597273864783e+06 8.637654370937669592e+04 5.699688480185919559e+01
        redesign_dl_20.0_52263.dat 4.605520116865673863e+00 5.730614810673863302e-02 1.073166688498297299e+04 4.089137338493561060e+02 8.563367632675335628e+00 9.013290353156474885e+04 8.937572499379850342e+04 2.395560459388128584e+04 3.579551384018953740e+03 1.416752491250736284e+03 1.947812114714246854e+04 2.579888473781288485e+04 9.758290894177923391e+00 1.103207609400274514e+00 1.016507791381166200e+06 8.379767011202465801e+04 5.687915530938955300e+01
        redesign_dl_20.0_55769.dat 5.552659938727262379e+00 7.109659629199897857e-02 1.195571006533154105e+04 4.892884162809601776e+02 9.427508814152943728e+00 1.192611488447411393e+05 7.900857291904123849e+04 2.935335405921738493e+04 3.950008012721285922e+03 1.782308896889055632e+03 2.400451149121889466e+04 2.685467206885145788e+04 1.109694603758999421e+01 1.209714628971845896e+00 1.262156460130936000e+06 9.822207854289513489e+04 5.691968097437624152e+01
         redesign_dl_21.0_2336.dat 6.094382205251982043e+00 6.800144369883434625e-02 1.438339994308961468e+04 5.004150617797924951e+02 9.357805456719013648e+00 1.157907193048890622e+05 8.323293602476538217e+04 2.972499341110447494e+04 3.492759452059357500e+03 1.726021969348979837e+03 2.431301116580006055e+04 2.685467721563128725e+04 1.094716559129794931e+01 1.171878450897839929e+00 1.194308386622930644e+06 1.002481016316464084e+05 5.665763945372711419e+01
        redesign_dl_21.0_40743.dat 5.295330068087263697e+00 7.019681621818049666e-02 1.374362047797748346e+04 4.698374482553239773e+02 1.009390136228087442e+01 1.167652024830056616e+05 7.616561207583351643e+04 2.706394484939248650e+04 3.511134181731309582e+03 1.869839584941309795e+03 2.274463881043895162e+04 2.651141317201725178e+04 1.024821213206047688e+01 1.120592953644439893e+00 1.251595031420255546e+06 9.819857463844696758e+04 5.648392050109259088e+01
        redesign_dl_21.0_45626.dat 5.805569680594910409e+00 6.534302796168371674e-02 1.272030349834507797e+04 4.449394735049922929e+02 9.966532548763687771e+00 1.071149631628741336e+05 6.366012954974269815e+04 2.715594006456821080e+04 3.299597911137977007e+03 1.556990158687373651e+03 2.170448323657539004e+04 2.556129833801821587e+04 9.683257100126425598e+00 1.090338410629875243e+00 1.120011551719377050e+06 8.412154820782739262e+04 5.669504624725580300e+01
        redesign_dl_21.0_52870.dat 6.144671353127706404e+00 6.983588319939580680e-02 1.257747748164640325e+04 4.780921640738380347e+02 9.730230256009216205e+00 1.105187231921165367e+05 1.017509905534892750e+05 3.046680237877385662e+04 4.338780764598560381e+03 1.738553367881689155e+03 2.418079270851407637e+04 2.692465958485129886e+04 1.100402373425991875e+01 1.147612398999377614e+00 1.240535542744995793e+06 1.038578752578789426e+05 5.648408118455962779e+01
        redesign_dl_21.0_52899.dat 5.566348794448802373e+00 6.602215467163789764e-02 1.408687725531762044e+04 4.823059000169890282e+02 9.738529520748276269e+00 1.213457714259829954e+05 1.034643540838651388e+05 2.636304883660014457e+04 3.712733715931450661e+03 1.687078232625028932e+03 2.247071383108309601e+04 2.580925044405851804e+04 1.045703876016543354e+01 1.160663316974378301e+00 1.154036557642423548e+06 9.858934142919385340e+04 5.659759423889248353e+01
         redesign_dl_21.0_8564.dat 6.685757984643789342e+00 5.851910103912133509e-02 1.140568436725350330e+04 4.583290795994270184e+02 8.197996082701763498e+00 1.040983604723458848e+05 6.161695292918295308e+04 2.608023530768898490e+04 3.227778982177988382e+03 1.414038388783098299e+03 2.087816389674266247e+04 2.557303308244745494e+04 1.029336251644275890e+01 1.140594521735980749e+00 1.000920602681084187e+06 7.902986071094468934e+04 5.666591910382246056e+01
        redesign_dl_22.0_21716.dat 7.220065924617183661e+00 7.843689567622884329e-02 1.340205063315420921e+04 4.920631719111821099e+02 9.268319711642627468e+00 1.194398037685096351e+05 7.069208703036837687e+04 2.788744763864026027e+04 3.487304432878867829e+03 1.962578704888159336e+03 2.314699236653485787e+04 2.675502789346667123e+04 1.094538415474784543e+01 1.175303502291717317e+00 1.410096653845163295e+06 9.992001203849604644e+04 5.652906492549342232e+01
        redesign_dl_22.0_40322.dat 4.227633616119861770e+00 5.918152127737396490e-02 1.185090066324272993e+04 4.298892881125586314e+02 9.063795459643312569e+00 1.025426495919946319e+05 9.528941029983380577e+04 2.810363517621822393e+04 3.678584010194550956e+03 1.578260134201260598e+03 2.139659589454392335e+04 2.533344608645171320e+04 1.108391899425914495e+01 1.160929296365503793e+00 1.058725427752804244e+06 9.040059772595549293e+04 5.660825067476960015e+01
        redesign_dl_22.0_43619.dat 5.754032345080036137e+00 7.676684183951906770e-02 1.299761322575153645e+04 4.731586669714351956e+02 9.677597392752238292e+00 1.013096593273746112e+05 8.690746286062570289e+04 2.816963346004502455e+04 3.590506944776699129e+03 1.932729359826762902e+03 2.158412324011318560e+04 2.675507070299156840e+04 1.003937744755755190e+01 1.082610901282408777e+00 1.346417377759891795e+06 9.320280510183102160e+04 5.648609266686403885e+01
        redesign_dl_22.0_47165.dat 6.005474516128766815e+00 7.306237649963134850e-02 1.426284958228781579e+04 5.614027103255663178e+02 1.025927661919285860e+01 1.200310498380882636e+05 1.105269697948990361e+05 2.887027104887029782e+04 3.836178783427597409e+03 1.810942159216099753e+03 2.270206821500546357e+04 2.629122072984731130e+04 1.064441187538652045e+01 1.155393043658113683e+00 1.304741418217199855e+06 9.900212421368490322e+04 5.656739452887627095e+01
        redesign_dl_22.0_47952.dat 5.893587005597015427e+00 8.858743163662510800e-02 1.368353910322653428e+04 4.765172419028854165e+02 1.008453331460907165e+01 1.191110451122818049e+05 9.064272620932963036e+04 2.919541729161301919e+04 4.118351679441144370e+03 2.122434793783357691e+03 2.486459940408591137e+04 2.703640059091395233e+04 1.096991809199869117e+01 1.174601903488024623e+00 1.599994925156645244e+06 1.761510295169521123e+05 5.635587857427600511e+01
        redesign_dl_22.0_50292.dat 5.693610311861381668e+00 6.892236927730532869e-02 1.259348413739573334e+04 4.267960920233725801e+02 9.468238666229860101e+00 9.612921635590337974e+04 5.711716700930021761e+04 2.492436170853122167e+04 3.211679349840212126e+03 1.608075635750572474e+03 2.186312749091294609e+04 2.648680097213874615e+04 9.736208500034390312e+00 1.068593880170356059e+00 1.202854022080848459e+06 8.778330660793661082e+04 5.673941073910897614e+01
        redesign_dl_23.0_14324.dat 4.658563352358824794e+00 7.677781361878092958e-02 1.616847376600250755e+04 5.780862535157135653e+02 1.039866926362827826e+01 1.108986673811357905e+05 8.945660011947472231e+04 3.007170512575637986e+04 3.583042499376118940e+03 1.939459053483154548e+03 2.557410613414820909e+04 2.681571168825030327e+04 1.049622231905812342e+01 1.115445226796511147e+00 1.330640795915425755e+06 1.075851833757347340e+05 5.605537455972660155e+01
        redesign_dl_23.0_26862.dat 5.987905948989012295e+00 6.686722127713042030e-02 1.276536085455653847e+04 4.190733936231890766e+02 9.680543907244070212e+00 9.195490978632666520e+04 5.646515613815413963e+04 2.464777292249673337e+04 3.397375144290033404e+03 1.709865564676191980e+03 2.145370887014502659e+04 2.582924497873504515e+04 1.065293884270469249e+01 1.146726913497931877e+00 1.130947667191595072e+06 9.273934268697664083e+04 5.616688795570792792e+01
        redesign_dl_23.0_47824.dat 5.542732127725303215e+00 8.434722749797206320e-02 1.389525727769161131e+04 4.587514787693160656e+02 9.953209294412291186e+00 1.110692528295064112e+05 9.776571377955097705e+04 2.446972911310919881e+04 3.876823577010945428e+03 1.904933127021209657e+03 2.140996452623670848e+04 2.579639574328967865e+04 9.524390627170442158e+00 1.029085501436574068e+00 1.490077634322326630e+06 8.907556524932055618e+04 5.649304699033392296e+01
        redesign_dl_23.0_51321.dat 5.692208263409457736e+00 8.223694366746332751e-02 1.518100271948368027e+04 4.780359931622206204e+02 9.681946786336485644e+00 1.201896586308401020e+05 9.602994107035473280e+04 2.957679162812483992e+04 3.731793433225169792e+03 2.021017674478941444e+03 2.431621477640564990e+04 2.696448302222880739e+04 1.175212128251448895e+01 1.224005366280082496e+00 1.447018231859497959e+06 1.031433799342826242e+05 5.636500986237978594e+01
        redesign_dl_23.0_52263.dat 4.645111767015931648e+00 6.798089973856337453e-02 1.292223478454598990e+04 4.403107935651958655e+02 9.737534927746141378e+00 9.591531619211951329e+04 1.043452563922690460e+05 2.682151517600336956e+04 4.146384811246143727e+03 1.684291885344002367e+03 2.187397074937494472e+04 2.665418717766413465e+04 1.065327853452570217e+01 1.129502267109365743e+00 1.204210433862991631e+06 9.838454259438820009e+04 5.620096847870760826e+01
        redesign_dl_23.0_55769.dat 5.634134527991884411e+00 8.378372363114193477e-02 1.527029338315485620e+04 5.187713134308626195e+02 1.065563438848451305e+01 1.210900884259318264e+05 8.849436216615987360e+04 3.295496973629559943e+04 4.257238342825006839e+03 2.090341304556462546e+03 2.499216162706670002e+04 2.755619360264257557e+04 1.246954039088977950e+01 1.232975228515880595e+00 1.501345707878478803e+06 1.124855928089195368e+05 5.628148188513667094e+01
         redesign_dl_24.0_2336.dat 5.941523374924468470e+00 7.849276482439639102e-02 1.730952780599769903e+04 5.375891068771881010e+02 1.056538102396872780e+01 1.322019102801776608e+05 1.093245319908722449e+05 3.155044865786646551e+04 3.874596298491526341e+03 2.004882484000292607e+03 2.570419766381862064e+04 2.769977480652582017e+04 1.241814471035670486e+01 1.213464199284837397e+00 1.406990965572473127e+06 1.215018006371077208e+05 5.608482409851979611e+01
        redesign_dl_24.0_40743.dat 5.194268187858969377e+00 8.080261994732247655e-02 1.657462854598982813e+04 5.173395357276981485e+02 1.127674537346765682e+01 1.287333688731337315e+05 8.673504671903199051e+04 3.060294959681959153e+04 4.181717516991071534e+03 2.090626415900848315e+03 2.408575581579289792e+04 2.648015914814132702e+04 1.175026705319785414e+01 1.197966263696383704e+00 1.485837051958716707e+06 1.236693788678222918e+05 5.594802003941663315e+01
        redesign_dl_24.0_45626.dat 5.496424240033737085e+00 8.165467960240541112e-02 1.576668136180162765e+04 4.879246085738748775e+02 1.097417495265822396e+01 1.178602279735218035e+05 9.861390893376182066e+04 3.045439631137066681e+04 3.822675707434552805e+03 2.029071345114139831e+03 2.348712961665368130e+04 2.605673394054715391e+04 1.066784600620221113e+01 1.129343640086867939e+00 1.400784069978370797e+06 1.009813138812805119e+05 5.612748200288093869e+01
        redesign_dl_24.0_52870.dat 5.968208972810570501e+00 8.903361497341687192e-02 1.528329683058030059e+04 4.844494138254465838e+02 1.090276529401976191e+01 1.128502905062561040e+05 1.209411791157868429e+05 3.399134977726421494e+04 4.606862921106056092e+03 2.140175205476307838e+03 2.644639706490229582e+04 2.842948955646889226e+04 1.160587548232241595e+01 1.178449119038856852e+00 1.527827369311335729e+06 1.265050065699792031e+05 5.586995064086396923e+01
        redesign_dl_24.0_52899.dat 5.407114144792973143e+00 7.720568255489192178e-02 1.707687619476518375e+04 5.204281741329156148e+02 1.094471968705687637e+01 1.371706290151044959e+05 1.174391785936380475e+05 2.977005948316520880e+04 4.444053864801308009e+03 1.990010061012194456e+03 2.536131570173743603e+04 2.733077176940775462e+04 1.247617761049114726e+01 1.240513887508717827e+00 1.411882807233750587e+06 1.137085507586045860e+05 5.599006710916351182e+01
         redesign_dl_24.0_8564.dat 6.679609374681645839e+00 7.091238101034032237e-02 1.384579971214868237e+04 4.756174368334874316e+02 9.482976554174712192e+00 1.151073336363346025e+05 7.576175795729804668e+04 2.915900624810979571e+04 3.881472805670323851e+03 1.729963944468378486e+03 2.304164038901087770e+04 2.639609062845460721e+04 1.143825175058779209e+01 1.190483372296278874e+00 1.211963432761723408e+06 9.704658291939782794e+04 5.600461899934741439e+01
