Statistics: max. Generated: 11/11/2021 17:02:22. No. files: 120.
                              File                       4                      10                      11                      13                      15                      19                      20                      22                      23                      27                      28                      29                      63                      66                      72                     102                     110
        redesign_dl_05.0_21716.dat 5.349999999999999938e-04 4.276130000000000209e-01 5.828460000000000036e+03 5.568550000000000182e+02 7.884660000000000224e+00 7.840210000000000582e+04 1.581850000000000000e+04 9.001789999999999736e+02 4.927869999999999891e+03 -1.483369999999999891e+03 -2.389400000000000091e+03 1.537489999999999964e+04 1.901060000000000016e+01 2.060140000000000082e+00 4.072990000000000000e+06 1.736720000000000000e+06 8.283339999999999748e+01
        redesign_dl_05.0_40322.dat 5.349999999999999938e-04 4.089400000000000257e-01 5.495489999999999782e+03 5.102520000000000095e+02 8.106099999999999639e+00 6.161959999999999854e+04 1.237029999999999927e+04 -2.779130000000000109e+03 4.415470000000000255e+03 -2.109940000000000055e+03 -3.771369999999999891e+03 1.451729999999999927e+04 1.618209999999999837e+01 1.925100000000000033e+00 3.727360000000000000e+06 1.520720000000000000e+06 8.281359999999999388e+01
        redesign_dl_05.0_43619.dat 5.349999999999999938e-04 4.658919999999999728e-01 7.190069999999999709e+03 6.690839999999999463e+02 9.730109999999999815e+00 1.133360000000000000e+05 2.153800000000000000e+04 3.562860000000000127e+03 6.033189999999999600e+03 -2.185329999999999927e+03 -1.308480000000000018e+03 1.579170000000000073e+04 2.221420000000000172e+01 2.087979999999999947e+00 4.862480000000000000e+06 2.263510000000000000e+06 8.280209999999999582e+01
        redesign_dl_05.0_47165.dat 5.349999999999999938e-04 3.798650000000000082e-01 4.866909999999999854e+03 4.446259999999999764e+02 9.279540000000000788e+00 6.312930000000000291e+04 1.490200000000000000e+04 -1.227329999999999927e+03 3.895480000000000018e+03 -2.116000000000000000e+03 -2.590159999999999854e+03 1.455739999999999964e+04 2.025629999999999953e+01 2.139009999999999856e+00 3.227290000000000000e+06 1.223880000000000000e+06 8.286759999999999593e+01
        redesign_dl_05.0_47952.dat 5.349999999999999938e-04 4.757839999999999847e-01 7.038479999999999563e+03 6.741380000000000337e+02 8.209939999999999571e+00 1.198220000000000000e+05 1.886609999999999854e+04 2.257840000000000146e+03 5.655479999999999563e+03 -1.868490000000000009e+03 -2.760750000000000000e+03 1.505839999999999964e+04 2.159609999999999985e+01 2.143730000000000135e+00 5.060630000000000000e+06 2.403920000000000000e+06 8.283520000000000039e+01
        redesign_dl_05.0_50292.dat 5.349999999999999938e-04 3.846280000000000254e-01 4.845569999999999709e+03 4.572400000000000091e+02 7.735780000000000101e+00 5.714469999999999709e+04 1.186910000000000036e+04 -2.677469999999999800e+03 4.008949999999999818e+03 -1.695089999999999918e+03 -2.575449999999999818e+03 1.517539999999999964e+04 2.043700000000000117e+01 2.119759999999999867e+00 3.308230000000000000e+06 1.269860000000000000e+06 8.282370000000000232e+01
        redesign_dl_06.0_14324.dat 5.349999999999999938e-04 4.900260000000000171e-01 7.863600000000000364e+03 7.280449999999999591e+02 9.191369999999999152e+00 1.225300000000000000e+05 2.889829999999999927e+04 3.161489999999999782e+03 6.289090000000000146e+03 -2.967760000000000218e+03 -4.858550000000000182e+03 1.556260000000000036e+04 1.791049999999999898e+01 2.063699999999999868e+00 5.356750000000000000e+06 2.621280000000000000e+06 8.276900000000000546e+01
        redesign_dl_06.0_26862.dat 5.349999999999999938e-04 5.090860000000000385e-01 7.754750000000000000e+03 7.895140000000000100e+02 1.013189999999999991e+01 1.248570000000000000e+05 2.391709999999999854e+04 2.374980000000000018e+03 6.547579999999999927e+03 -2.295860000000000127e+03 -3.408369999999999891e+03 1.607900000000000000e+04 1.898029999999999973e+01 2.054289999999999949e+00 5.792420000000000000e+06 2.946320000000000000e+06 8.278239999999999554e+01
        redesign_dl_06.0_47824.dat 5.349999999999999938e-04 4.488269999999999760e-01 6.804869999999999891e+03 6.303869999999999436e+02 9.866809999999999192e+00 8.896780000000000291e+04 1.804500000000000000e+04 -2.192439999999999998e+02 5.017149999999999636e+03 -1.678579999999999927e+03 -2.601170000000000073e+03 1.519229999999999927e+04 1.925059999999999860e+01 2.027390000000000025e+00 4.510570000000000000e+06 2.022230000000000000e+06 8.283899999999999864e+01
        redesign_dl_06.0_51321.dat 5.349999999999999938e-04 5.375780000000000003e-01 7.909869999999999891e+03 8.560819999999999936e+02 1.053769999999999918e+01 1.307330000000000000e+05 3.733619999999999709e+04 1.698019999999999982e+03 7.371590000000000146e+03 -3.101050000000000182e+03 -4.021460000000000036e+03 1.601520000000000073e+04 1.901970000000000027e+01 2.078230000000000022e+00 6.445880000000000000e+06 3.464180000000000000e+06 8.276300000000000523e+01
        redesign_dl_06.0_52263.dat 5.349999999999999938e-04 4.999959999999999960e-01 6.908180000000000291e+03 7.290019999999999527e+02 9.279489999999999128e+00 1.223570000000000000e+05 3.696940000000000146e+04 2.360909999999999854e+03 6.383680000000000291e+03 -3.170860000000000127e+03 -5.262670000000000073e+03 1.581050000000000000e+04 1.677410000000000068e+01 1.955389999999999961e+00 5.591600000000000000e+06 2.795850000000000000e+06 8.272530000000000427e+01
        redesign_dl_06.0_55769.dat 5.349999999999999938e-04 5.080209999999999448e-01 7.599659999999999854e+03 7.532960000000000491e+02 9.743069999999999453e+00 1.685620000000000000e+05 3.442750000000000000e+04 1.515529999999999973e+03 7.253420000000000073e+03 -2.568210000000000036e+03 -3.322409999999999854e+03 1.653850000000000000e+04 2.152220000000000155e+01 2.064729999999999954e+00 5.768310000000000000e+06 2.925170000000000000e+06 8.276040000000000418e+01
         redesign_dl_07.0_2336.dat 5.349999999999999938e-04 7.023859999999999548e-01 1.409789999999999964e+04 1.451609999999999900e+03 1.135989999999999966e+01 2.135100000000000000e+05 7.000580000000000291e+04 1.152060000000000036e+04 1.223260000000000036e+04 -3.330119999999999891e+03 -4.725439999999999600e+03 1.853659999999999854e+04 2.012020000000000053e+01 2.117280000000000051e+00 1.085790000000000000e+07 7.642840000000000000e+06 8.270000000000000284e+01
        redesign_dl_07.0_40743.dat 5.349999999999999938e-04 6.208000000000000185e-01 1.078410000000000036e+04 1.146430000000000064e+03 1.014729999999999954e+01 1.661760000000000000e+05 8.450560000000000582e+04 5.836760000000000218e+03 1.024060000000000036e+04 -4.295050000000000182e+03 -7.171409999999999854e+03 1.676770000000000073e+04 1.641619999999999990e+01 1.927969999999999962e+00 8.646320000000000000e+06 5.373830000000000000e+06 8.263410000000000366e+01
        redesign_dl_07.0_45626.dat 5.349999999999999938e-04 5.836630000000000429e-01 1.042220000000000073e+04 1.022659999999999968e+03 1.131809999999999938e+01 1.660430000000000000e+05 5.428580000000000291e+04 5.226869999999999891e+03 9.444049999999999272e+03 -3.977239999999999782e+03 -6.888350000000000364e+03 1.702090000000000146e+04 1.541830000000000034e+01 1.897080000000000100e+00 7.700220000000000000e+06 4.498720000000000000e+06 8.266519999999999868e+01
        redesign_dl_07.0_52870.dat 5.349999999999999938e-04 5.949290000000000411e-01 1.072679999999999927e+04 1.048289999999999964e+03 1.078870000000000040e+01 1.970560000000000000e+05 9.635869999999999709e+04 9.909260000000000218e+03 1.030200000000000000e+04 -4.443100000000000364e+03 -4.178350000000000364e+03 1.816679999999999927e+04 1.707809999999999917e+01 1.979540000000000077e+00 7.987850000000000000e+06 4.761980000000000000e+06 8.263370000000000459e+01
        redesign_dl_07.0_52899.dat 5.349999999999999938e-04 5.871849999999999570e-01 1.145089999999999964e+04 1.056170000000000073e+03 1.066310000000000002e+01 2.020860000000000000e+05 6.989039999999999418e+04 5.975520000000000437e+03 9.539700000000000728e+03 -3.673150000000000091e+03 -4.200109999999999673e+03 1.664440000000000146e+04 1.912079999999999913e+01 2.043309999999999960e+00 7.714970000000000000e+06 4.528910000000000000e+06 8.269050000000000011e+01
         redesign_dl_07.0_8564.dat 5.349999999999999938e-04 6.072640000000000260e-01 1.138879999999999927e+04 1.104630000000000109e+03 9.595499999999999474e+00 1.780780000000000000e+05 5.420609999999999854e+04 3.815840000000000146e+03 9.557030000000000655e+03 -2.833260000000000218e+03 -3.985320000000000164e+03 1.723170000000000073e+04 2.016179999999999950e+01 2.015589999999999993e+00 8.201090000000000000e+06 4.966370000000000000e+06 8.269540000000000646e+01
        redesign_dl_08.0_15536.dat 5.349999999999999938e-04 7.299400000000000333e-01 1.574800000000000000e+04 1.557759999999999991e+03 1.182060000000000066e+01 2.079630000000000000e+05 9.140000000000000000e+04 1.394850000000000000e+04 1.289020000000000073e+04 -4.421029999999999745e+03 -6.282199999999999818e+03 1.790320000000000073e+04 1.679240000000000066e+01 1.952839999999999909e+00 1.097350000000000000e+07 8.024010000000000000e+06 8.268569999999999709e+01
        redesign_dl_08.0_22441.dat 5.349999999999999938e-04 6.876160000000000050e-01 1.387979999999999927e+04 1.413210000000000036e+03 1.240070000000000050e+01 1.902670000000000000e+05 6.243469999999999709e+04 1.121270000000000073e+04 1.222039999999999964e+04 -5.443130000000000109e+03 -8.778170000000000073e+03 1.796659999999999854e+04 1.621000000000000085e+01 1.909429999999999961e+00 1.052600000000000000e+07 7.220620000000000000e+06 8.257810000000000628e+01
        redesign_dl_08.0_32293.dat 5.349999999999999938e-04 6.646269999999999678e-01 1.380439999999999964e+04 1.354039999999999964e+03 1.136340000000000039e+01 2.063990000000000000e+05 6.374809999999999854e+04 8.595280000000000655e+03 1.151139999999999964e+04 -4.035989999999999782e+03 -6.465680000000000291e+03 1.851559999999999854e+04 1.541649999999999920e+01 1.904859999999999998e+00 9.879020000000000000e+06 6.553320000000000000e+06 8.262380000000000280e+01
        redesign_dl_08.0_41120.dat 2.234669999999999990e-01 7.622569999999999624e-01 1.491689999999999964e+04 1.590640000000000100e+03 1.301950000000000074e+01 1.992930000000000000e+05 7.650960000000000582e+04 9.193680000000000291e+03 1.309850000000000000e+04 -5.121989999999999782e+03 -6.915189999999999600e+03 1.870250000000000000e+04 1.847139999999999915e+01 1.956749999999999989e+00 1.130590000000000000e+07 8.604630000000000000e+06 8.260450000000000159e+01
        redesign_dl_08.0_46290.dat 5.349999999999999938e-04 6.677140000000000297e-01 1.263179999999999927e+04 1.322759999999999991e+03 1.256460000000000043e+01 1.923100000000000000e+05 9.240139999999999418e+04 8.408719999999999345e+03 1.191560000000000036e+04 -4.556500000000000000e+03 -5.632159999999999854e+03 1.893670000000000073e+04 1.668830000000000169e+01 1.956420000000000048e+00 9.919510000000000000e+06 6.611300000000000000e+06 8.259300000000000352e+01
        redesign_dl_08.0_60415.dat 5.349999999999999938e-04 6.478129999999999722e-01 1.185520000000000073e+04 1.252460000000000036e+03 1.209549999999999947e+01 1.646130000000000000e+05 7.007150000000000000e+04 4.856449999999999818e+03 1.057779999999999927e+04 -4.748340000000000146e+03 -5.453359999999999673e+03 1.780120000000000073e+04 1.505560000000000009e+01 1.877680000000000016e+00 9.390120000000000000e+06 6.073750000000000000e+06 8.256310000000000571e+01
        redesign_dl_09.0_21716.dat 2.121170000000000222e+00 7.816469999999999807e-01 1.715640000000000146e+04 1.759589999999999918e+03 1.286250000000000071e+01 2.279470000000000000e+05 7.964500000000000000e+04 1.463939999999999964e+04 1.560339999999999964e+04 -4.853720000000000255e+03 -8.167890000000000327e+03 2.040129999999999927e+04 1.743270000000000053e+01 1.952239999999999975e+00 1.317810000000000000e+07 1.001340000000000000e+07 8.257019999999999982e+01
        redesign_dl_09.0_40322.dat 5.349999999999999938e-04 7.299360000000000293e-01 1.479000000000000000e+04 1.509700000000000045e+03 1.252679999999999971e+01 1.951640000000000000e+05 6.611930000000000291e+04 8.938100000000000364e+03 1.300829999999999927e+04 -7.034520000000000437e+03 -1.253600000000000000e+04 1.802429999999999927e+04 1.489160000000000039e+01 1.892349999999999977e+00 1.085790000000000000e+07 7.938100000000000000e+06 8.237300000000000466e+01
        redesign_dl_09.0_43619.dat 3.159460000000000157e+00 7.858089999999999797e-01 1.834079999999999927e+04 1.773920000000000073e+03 1.463780000000000037e+01 2.329070000000000000e+05 7.890450000000000000e+04 1.832220000000000073e+04 1.539670000000000073e+04 -6.526329999999999927e+03 -9.966459999999999127e+03 2.103159999999999854e+04 1.683920000000000172e+01 1.940339999999999954e+00 1.311750000000000000e+07 1.001750000000000000e+07 8.242369999999999663e+01
        redesign_dl_09.0_47165.dat 5.349999999999999938e-04 6.992190000000000349e-01 1.464679999999999927e+04 1.455579999999999927e+03 1.457370000000000054e+01 2.048700000000000000e+05 1.061760000000000000e+05 1.155079999999999927e+04 1.313179999999999927e+04 -6.430079999999999927e+03 -8.890469999999999345e+03 1.864420000000000073e+04 1.934880000000000067e+01 1.980869999999999909e+00 1.084590000000000000e+07 7.544080000000000000e+06 8.253050000000000352e+01
        redesign_dl_09.0_47952.dat 7.240339999999999776e+00 7.968779999999999752e-01 1.705750000000000000e+04 1.649480000000000018e+03 1.301099999999999923e+01 2.064590000000000000e+05 9.642869999999999709e+04 1.493360000000000036e+04 1.496229999999999927e+04 -7.274859999999999673e+03 -1.022279999999999927e+04 1.865720000000000073e+04 1.816410000000000124e+01 2.055740000000000123e+00 1.337750000000000000e+07 1.001570000000000000e+07 8.242409999999999570e+01
        redesign_dl_09.0_50292.dat 7.165589999999999460e-01 7.730470000000000397e-01 1.590870000000000073e+04 1.716619999999999891e+03 1.324060000000000059e+01 2.058690000000000000e+05 5.110759999999999854e+04 9.339879999999999200e+03 1.361439999999999964e+04 -5.985590000000000146e+03 -8.322700000000000728e+03 2.003509999999999854e+04 1.612040000000000006e+01 1.944320000000000048e+00 1.194730000000000000e+07 9.148240000000000000e+06 8.249439999999999884e+01
        redesign_dl_10.0_14324.dat 6.015749999999999709e+00 7.922639999999999683e-01 1.759109999999999854e+04 1.776990000000000009e+03 1.439269999999999960e+01 2.361200000000000000e+05 4.416400000000000000e+04 1.813320000000000073e+04 1.519139999999999964e+04 -8.855629999999999200e+03 -1.116550000000000000e+04 2.120279999999999927e+04 1.430150000000000077e+01 1.840149999999999952e+00 1.334220000000000000e+07 1.002110000000000000e+07 8.217230000000000700e+01
        redesign_dl_10.0_26862.dat 5.130200000000000315e+00 7.910850000000000382e-01 1.728040000000000146e+04 1.780200000000000045e+03 1.553309999999999924e+01 2.185440000000000000e+05 4.969700000000000000e+04 1.459179999999999927e+04 1.530920000000000073e+04 -6.723079999999999927e+03 -1.042489999999999964e+04 1.919070000000000073e+04 1.602779999999999916e+01 1.926539999999999919e+00 1.332190000000000000e+07 1.001970000000000000e+07 8.253289999999999793e+01
        redesign_dl_10.0_47824.dat 4.187640000000000029e+00 7.828030000000000266e-01 1.781209999999999854e+04 1.844750000000000000e+03 1.542530000000000001e+01 2.139630000000000000e+05 4.188300000000000000e+04 1.333870000000000073e+04 1.483389999999999964e+04 -5.724359999999999673e+03 -4.587779999999999745e+03 1.912529999999999927e+04 1.683429999999999893e+01 1.959759999999999946e+00 1.318610000000000000e+07 1.001190000000000000e+07 8.251239999999999952e+01
        redesign_dl_10.0_51321.dat 9.102589999999999293e+00 7.935020000000000406e-01 1.684229999999999927e+04 1.755829999999999927e+03 1.579460000000000086e+01 2.322190000000000000e+05 4.846519999999999709e+04 1.420189999999999964e+04 1.582770000000000073e+04 -8.011050000000000182e+03 -8.981559999999999491e+03 2.097100000000000000e+04 1.802120000000000033e+01 1.976760000000000073e+00 1.352310000000000000e+07 1.002080000000000000e+07 8.251869999999999550e+01
        redesign_dl_10.0_52263.dat 4.811890000000000001e+00 7.857669999999999932e-01 1.732070000000000073e+04 1.802359999999999900e+03 1.412860000000000049e+01 2.363350000000000000e+05 3.966390000000000146e+04 9.756399999999999636e+03 1.584639999999999964e+04 -8.343959999999999127e+03 -1.404600000000000000e+04 2.113370000000000073e+04 1.641799999999999926e+01 1.909580000000000055e+00 1.317550000000000000e+07 1.002300000000000000e+07 8.234260000000000446e+01
        redesign_dl_10.0_55769.dat 6.863570000000000171e+00 7.998450000000000282e-01 1.779029999999999927e+04 1.760150000000000091e+03 1.473879999999999946e+01 2.318530000000000000e+05 6.229319999999999709e+04 1.756609999999999854e+04 1.563060000000000036e+04 -7.456619999999999891e+03 -1.111800000000000000e+04 2.279209999999999854e+04 1.715709999999999980e+01 1.938620000000000010e+00 1.355300000000000000e+07 1.002570000000000000e+07 8.239520000000000266e+01
         redesign_dl_11.0_2336.dat 1.419549999999999912e+01 8.001160000000000494e-01 1.995429999999999927e+04 1.789539999999999964e+03 1.661189999999999856e+01 2.445510000000000000e+05 4.358109999999999854e+04 1.891409999999999854e+04 1.612870000000000073e+04 -8.435739999999999782e+03 -7.635689999999999600e+03 2.193479999999999927e+04 1.516280000000000072e+01 1.897080000000000100e+00 1.344060000000000000e+07 1.003190000000000000e+07 8.262630000000000052e+01
        redesign_dl_11.0_40743.dat 1.186969999999999992e+01 7.980150000000000299e-01 1.829109999999999854e+04 1.789480000000000018e+03 1.500699999999999967e+01 2.465520000000000000e+05 5.925619999999999709e+04 1.682140000000000146e+04 1.607370000000000073e+04 -1.000229999999999927e+04 -6.021250000000000000e+03 2.062620000000000073e+04 1.457590000000000074e+01 1.855199999999999960e+00 1.365450000000000000e+07 1.002480000000000000e+07 8.255410000000000537e+01
        redesign_dl_11.0_45626.dat 1.042789999999999928e+01 7.970850000000000435e-01 1.844650000000000000e+04 1.714390000000000100e+03 1.712559999999999860e+01 2.262120000000000000e+05 3.568659999999999854e+04 1.207410000000000036e+04 1.558310000000000036e+04 -9.573950000000000728e+03 -1.168760000000000036e+04 2.032029999999999927e+04 1.337129999999999974e+01 1.772839999999999971e+00 1.342270000000000000e+07 1.002290000000000000e+07 8.253530000000000655e+01
        redesign_dl_11.0_52870.dat 1.083440000000000047e+01 7.986760000000000526e-01 2.024670000000000073e+04 1.745900000000000091e+03 1.571770000000000067e+01 2.254110000000000000e+05 4.623580000000000291e+04 1.844470000000000073e+04 1.640490000000000146e+04 -1.088139999999999964e+04 -9.127170000000000073e+03 2.139620000000000073e+04 1.344890000000000008e+01 1.781490000000000018e+00 1.362500000000000000e+07 1.002800000000000000e+07 8.250990000000000180e+01
        redesign_dl_11.0_52899.dat 1.121219999999999928e+01 7.986999999999999655e-01 1.927759999999999854e+04 1.699500000000000000e+03 1.596100000000000030e+01 2.272320000000000000e+05 6.291640000000000146e+04 1.666909999999999854e+04 1.614810000000000036e+04 -9.269159999999999854e+03 -9.832459999999999127e+03 2.116850000000000000e+04 1.562139999999999951e+01 1.912730000000000041e+00 1.342230000000000000e+07 1.002340000000000000e+07 8.259890000000000043e+01
         redesign_dl_11.0_8564.dat 1.065939999999999976e+01 7.992799999999999905e-01 1.954009999999999854e+04 1.802829999999999927e+03 1.489460000000000051e+01 2.286790000000000000e+05 4.870009999999999854e+04 1.162339999999999964e+04 1.561850000000000000e+04 -7.420199999999999818e+03 -8.831799999999999272e+03 2.077000000000000000e+04 1.758470000000000155e+01 1.911599999999999966e+00 1.348590000000000000e+07 1.002400000000000000e+07 8.255440000000000111e+01
        redesign_dl_12.0_15536.dat 1.410749999999999993e+01 8.105210000000000470e-01 2.120850000000000000e+04 1.767359999999999900e+03 1.672050000000000125e+01 2.210810000000000000e+05 5.313550000000000000e+04 1.616870000000000073e+04 1.610229999999999927e+04 -1.148600000000000000e+04 -1.460670000000000073e+03 2.456929999999999927e+04 1.408039999999999914e+01 1.835790000000000033e+00 1.370920000000000000e+07 1.003720000000000000e+07 8.290959999999999752e+01
        redesign_dl_12.0_22441.dat 1.324540000000000006e+01 8.025870000000000504e-01 1.889409999999999854e+04 1.803690000000000055e+03 1.813870000000000005e+01 2.527560000000000000e+05 5.914459999999999854e+04 1.761579999999999927e+04 1.617360000000000036e+04 -1.153010000000000036e+04 -4.700819999999999709e+03 2.056920000000000073e+04 1.625819999999999865e+01 1.933999999999999941e+00 1.372340000000000000e+07 1.003140000000000000e+07 8.263379999999999370e+01
        redesign_dl_12.0_32293.dat 1.307719999999999949e+01 8.037020000000000275e-01 1.838309999999999854e+04 1.722029999999999973e+03 1.637529999999999930e+01 2.192560000000000000e+05 6.098940000000000146e+04 1.524979999999999927e+04 1.621910000000000036e+04 -9.984799999999999272e+03 -9.000100000000000364e+03 2.123940000000000146e+04 1.406850000000000023e+01 1.847939999999999916e+00 1.358650000000000000e+07 1.002650000000000000e+07 8.262439999999999429e+01
        redesign_dl_12.0_41120.dat 1.499740000000000073e+01 8.036910000000000442e-01 1.903840000000000146e+04 1.763200000000000045e+03 1.871330000000000027e+01 2.298930000000000000e+05 5.902730000000000291e+04 2.028129999999999927e+04 1.624929999999999927e+04 -1.155120000000000073e+04 -5.926170000000000073e+03 2.105059999999999854e+04 1.300179999999999936e+01 1.743600000000000039e+00 1.351100000000000000e+07 1.003030000000000000e+07 8.256789999999999452e+01
        redesign_dl_12.0_46290.dat 1.397620000000000040e+01 8.028570000000000428e-01 1.929359999999999854e+04 1.775420000000000073e+03 1.742419999999999902e+01 2.331550000000000000e+05 7.583330000000000291e+04 1.747000000000000000e+04 1.695050000000000000e+04 -1.002879999999999927e+04 -3.852730000000000018e+03 2.264809999999999854e+04 1.555199999999999960e+01 1.926730000000000054e+00 1.356160000000000000e+07 1.003040000000000000e+07 8.266960000000000264e+01
        redesign_dl_12.0_60415.dat 1.165569999999999951e+01 7.959410000000000096e-01 1.733500000000000000e+04 1.754910000000000082e+03 1.753989999999999938e+01 2.325200000000000000e+05 4.735990000000000146e+04 1.567020000000000073e+04 1.628689999999999964e+04 -1.153889999999999964e+04 -1.090250000000000000e+04 2.202870000000000073e+04 1.433259999999999934e+01 1.834759999999999946e+00 1.338300000000000000e+07 1.002280000000000000e+07 8.261190000000000566e+01
        redesign_dl_13.0_21716.dat 1.563879999999999981e+01 8.050359999999999738e-01 1.960540000000000146e+04 1.789619999999999891e+03 1.851739999999999853e+01 2.467810000000000000e+05 6.250590000000000146e+04 1.450000000000000000e+04 1.664150000000000000e+04 -1.139060000000000036e+04 -3.664760000000000218e+03 2.146200000000000000e+04 1.283649999999999913e+01 1.720099999999999962e+00 1.382750000000000000e+07 1.003630000000000000e+07 8.278499999999999659e+01
        redesign_dl_13.0_40322.dat 1.391929999999999978e+01 7.970549999999999580e-01 1.853929999999999927e+04 1.537160000000000082e+03 1.783869999999999933e+01 2.102430000000000000e+05 5.846219999999999709e+04 1.498050000000000000e+04 1.622839999999999964e+04 -1.338079999999999927e+04 -6.064529999999999745e+03 2.196729999999999927e+04 1.017740000000000045e+01 1.469130000000000047e+00 1.343230000000000000e+07 1.002510000000000000e+07 8.273460000000000036e+01
        redesign_dl_13.0_43619.dat 1.593149999999999977e+01 8.078959999999999475e-01 1.937479999999999927e+04 1.708740000000000009e+03 2.078269999999999840e+01 2.160660000000000000e+05 5.886180000000000291e+04 2.092679999999999927e+04 1.643820000000000073e+04 -1.310270000000000073e+04 -3.008550000000000182e+03 2.234040000000000146e+04 1.157779999999999987e+01 1.613599999999999923e+00 1.371710000000000000e+07 1.003900000000000000e+07 8.278040000000000020e+01
        redesign_dl_13.0_47165.dat 1.437279999999999980e+01 8.103120000000000323e-01 1.948009999999999854e+04 1.855140000000000100e+03 1.967360000000000042e+01 2.498620000000000000e+05 7.156050000000000000e+04 1.937320000000000073e+04 1.677979999999999927e+04 -1.223900000000000000e+04 -4.542380000000000109e+03 2.199000000000000000e+04 1.275370000000000026e+01 1.702490000000000059e+00 1.357970000000000000e+07 1.002980000000000000e+07 8.284430000000000405e+01
        redesign_dl_13.0_47952.dat 1.873669999999999902e+01 8.134369999999999656e-01 2.032709999999999854e+04 1.587640000000000100e+03 1.855470000000000041e+01 2.016900000000000000e+05 7.271100000000000000e+04 1.890279999999999927e+04 1.673240000000000146e+04 -1.293929999999999927e+04 6.494510000000000218e+02 2.205479999999999927e+04 1.021990000000000087e+01 1.477940000000000031e+00 1.383410000000000000e+07 1.003580000000000000e+07 8.290579999999999927e+01
        redesign_dl_13.0_50292.dat 1.564179999999999993e+01 8.025120000000000031e-01 1.881570000000000073e+04 1.740670000000000073e+03 1.878180000000000049e+01 2.365990000000000000e+05 6.449930000000000291e+04 1.478379999999999927e+04 1.672870000000000073e+04 -1.279789999999999964e+04 -5.791810000000000400e+03 2.248729999999999927e+04 1.259340000000000082e+01 1.702960000000000029e+00 1.349560000000000000e+07 1.003080000000000000e+07 8.283910000000000196e+01
        redesign_dl_14.0_14324.dat 1.698939999999999984e+01 8.049600000000000088e-01 2.177550000000000000e+04 1.267289999999999964e+03 2.011629999999999896e+01 1.798600000000000000e+05 7.343700000000000000e+04 1.928120000000000073e+04 1.626429999999999927e+04 -1.315729999999999927e+04 2.169459999999999980e+02 2.190209999999999854e+04 8.688390000000000057e+00 1.279970000000000052e+00 1.368530000000000000e+07 1.004470000000000000e+07 8.273879999999999768e+01
        redesign_dl_14.0_26862.dat 1.613929999999999865e+01 8.090810000000000501e-01 1.849190000000000146e+04 1.749109999999999900e+03 2.041430000000000078e+01 2.039950000000000000e+05 3.753219999999999709e+04 1.722279999999999927e+04 1.560189999999999964e+04 -1.311800000000000000e+04 -3.655360000000000127e+03 2.134629999999999927e+04 1.338180000000000014e+01 1.761879999999999891e+00 1.340970000000000000e+07 1.003700000000000000e+07 8.274679999999999325e+01
        redesign_dl_14.0_47824.dat 1.670469999999999899e+01 8.121549999999999603e-01 1.929279999999999927e+04 1.698660000000000082e+03 2.076069999999999993e+01 2.172050000000000000e+05 6.256219999999999709e+04 1.683340000000000146e+04 1.629850000000000000e+04 -1.211560000000000036e+04 -2.886420000000000073e+03 2.140890000000000146e+04 1.307269999999999932e+01 1.758990000000000054e+00 1.375510000000000000e+07 1.003100000000000000e+07 8.288630000000000564e+01
        redesign_dl_14.0_51321.dat 1.873969999999999914e+01 8.075590000000000268e-01 1.978850000000000000e+04 1.474890000000000100e+03 2.079309999999999903e+01 1.992520000000000000e+05 7.879050000000000000e+04 2.209840000000000146e+04 1.637360000000000036e+04 -1.303470000000000073e+04 -1.705450000000000045e+03 2.161709999999999854e+04 1.050370000000000026e+01 1.509220000000000006e+00 1.380830000000000000e+07 1.003990000000000000e+07 8.282389999999999475e+01
        redesign_dl_14.0_52263.dat 1.598210000000000086e+01 8.055849999999999955e-01 1.973770000000000073e+04 1.343069999999999936e+03 1.957219999999999871e+01 1.933690000000000000e+05 6.779860000000000582e+04 1.367050000000000000e+04 1.671509999999999854e+04 -1.312820000000000073e+04 -3.011360000000000127e+03 2.166140000000000146e+04 9.740510000000000446e+00 1.431179999999999897e+00 1.354720000000000000e+07 1.003440000000000000e+07 8.271890000000000498e+01
        redesign_dl_14.0_55769.dat 1.733950000000000102e+01 8.157090000000000174e-01 2.120090000000000146e+04 1.533609999999999900e+03 2.021849999999999881e+01 2.057400000000000000e+05 7.908850000000000000e+04 2.052859999999999854e+04 1.714459999999999854e+04 -1.286500000000000000e+04 9.657920000000000300e+02 2.350900000000000000e+04 1.304909999999999926e+01 1.740199999999999969e+00 1.399020000000000000e+07 1.004560000000000000e+07 8.291589999999999350e+01
         redesign_dl_15.0_2336.dat 2.130470000000000041e+01 8.131859999999999644e-01 2.254940000000000146e+04 1.438619999999999891e+03 2.132059999999999889e+01 1.897330000000000000e+05 9.627530000000000291e+04 2.067229999999999927e+04 1.728529999999999927e+04 -1.282460000000000036e+04 4.592840000000000146e+03 2.294190000000000146e+04 9.494109999999999161e+00 1.408689999999999998e+00 1.373650000000000000e+07 1.005100000000000000e+07 8.307370000000000232e+01
        redesign_dl_15.0_40743.dat 2.002609999999999957e+01 8.090709999999999846e-01 2.009170000000000073e+04 1.304369999999999891e+03 2.094559999999999889e+01 1.897200000000000000e+05 6.762419999999999709e+04 1.890370000000000073e+04 1.642079999999999927e+04 -1.309200000000000000e+04 3.770610000000000127e+03 2.143800000000000000e+04 8.800710000000000477e+00 1.310780000000000056e+00 1.378500000000000000e+07 1.004190000000000000e+07 8.291859999999999786e+01
        redesign_dl_15.0_45626.dat 1.884479999999999933e+01 8.108899999999999997e-01 2.066679999999999927e+04 1.456049999999999955e+03 2.263540000000000063e+01 1.906240000000000000e+05 5.176269999999999709e+04 1.428270000000000073e+04 1.653040000000000146e+04 -1.310379999999999927e+04 7.949460000000000264e+02 2.098809999999999854e+04 9.721640000000000725e+00 1.451119999999999965e+00 1.364150000000000000e+07 1.003780000000000000e+07 8.285269999999999868e+01
        redesign_dl_15.0_52870.dat 1.874930000000000163e+01 8.069340000000000401e-01 2.098859999999999854e+04 1.393099999999999909e+03 2.106289999999999907e+01 1.812780000000000000e+05 7.613300000000000000e+04 2.096509999999999854e+04 1.704559999999999854e+04 -1.293710000000000036e+04 4.889640000000000327e+03 2.449540000000000146e+04 9.373799999999999244e+00 1.391140000000000043e+00 1.377500000000000000e+07 1.005460000000000000e+07 8.291559999999999775e+01
        redesign_dl_15.0_52899.dat 1.951980000000000004e+01 8.132599999999999829e-01 2.230540000000000146e+04 1.414220000000000027e+03 2.167109999999999914e+01 1.878970000000000000e+05 6.567110000000000582e+04 2.712659999999999854e+04 1.660670000000000073e+04 -1.298600000000000000e+04 1.449839999999999918e+03 2.243500000000000000e+04 1.091259999999999941e+01 1.545609999999999928e+00 1.360610000000000000e+07 1.004290000000000000e+07 8.286570000000000391e+01
         redesign_dl_15.0_8564.dat 1.902670000000000172e+01 8.068419999999999481e-01 2.217790000000000146e+04 1.638630000000000109e+03 2.016720000000000113e+01 2.081280000000000000e+05 6.190000000000000000e+04 1.880220000000000073e+04 1.626489999999999964e+04 -1.310239999999999964e+04 8.331539999999999964e+02 2.354670000000000073e+04 1.220509999999999984e+01 1.672509999999999941e+00 1.361850000000000000e+07 1.004310000000000000e+07 8.307129999999999370e+01
        redesign_dl_16.0_21716.dat 2.105780000000000030e+01 8.135139999999999594e-01 2.256500000000000000e+04 1.456369999999999891e+03 2.287460000000000093e+01 2.124820000000000000e+05 5.479430000000000291e+04 1.809329999999999927e+04 1.694729999999999927e+04 -1.287260000000000036e+04 3.586750000000000000e+03 2.312359999999999854e+04 1.011020000000000074e+01 1.465189999999999992e+00 1.400350000000000000e+07 1.005630000000000000e+07 8.312130000000000507e+01
        redesign_dl_16.0_40322.dat 1.944340000000000046e+01 8.069089999999999874e-01 2.059479999999999927e+04 1.213730000000000018e+03 2.188650000000000162e+01 1.675850000000000000e+05 7.329400000000000000e+04 1.853740000000000146e+04 1.662050000000000000e+04 -1.312200000000000000e+04 2.773909999999999854e+03 2.186250000000000000e+04 7.174349999999999561e+00 1.136339999999999906e+00 1.363100000000000000e+07 1.004100000000000000e+07 8.300360000000000582e+01
        redesign_dl_16.0_43619.dat 2.109829999999999828e+01 8.140370000000000106e-01 2.069200000000000000e+04 1.193039999999999964e+03 2.504670000000000130e+01 1.791340000000000000e+05 7.466380000000000291e+04 2.271270000000000073e+04 1.675490000000000146e+04 -1.276329999999999927e+04 2.823110000000000127e+03 2.322220000000000073e+04 6.992420000000000080e+00 1.139510000000000023e+00 1.384550000000000000e+07 1.005260000000000000e+07 8.305110000000000525e+01
        redesign_dl_16.0_47165.dat 1.984420000000000073e+01 8.223899999999999544e-01 2.234370000000000073e+04 1.321319999999999936e+03 2.360089999999999932e+01 1.997740000000000000e+05 6.202940000000000146e+04 2.026770000000000073e+04 1.641459999999999854e+04 -1.285479999999999927e+04 1.899829999999999927e+03 2.359020000000000073e+04 8.045009999999999550e+00 1.267849999999999921e+00 1.369190000000000000e+07 1.005590000000000000e+07 8.313049999999999784e+01
        redesign_dl_16.0_47952.dat 2.378579999999999828e+01 8.195919999999999872e-01 2.235470000000000073e+04 1.236720000000000027e+03 2.256129999999999924e+01 1.730400000000000000e+05 7.750619999999999709e+04 2.395590000000000146e+04 1.716040000000000146e+04 -1.272220000000000073e+04 6.275920000000000073e+03 2.456120000000000073e+04 7.640030000000000321e+00 1.182450000000000001e+00 1.412930000000000000e+07 1.005030000000000000e+07 8.310980000000000700e+01
        redesign_dl_16.0_50292.dat 2.100629999999999953e+01 8.081850000000000422e-01 2.062550000000000000e+04 1.171670000000000073e+03 2.305600000000000094e+01 1.725470000000000000e+05 6.359250000000000000e+04 1.800059999999999854e+04 1.667379999999999927e+04 -1.297720000000000073e+04 2.718009999999999877e+02 2.260559999999999854e+04 7.866819999999999702e+00 1.180730000000000057e+00 1.361160000000000000e+07 1.004370000000000000e+07 8.304919999999999902e+01
        redesign_dl_17.0_14324.dat 2.219679999999999964e+01 8.125559999999999450e-01 2.422259999999999854e+04 1.132890000000000100e+03 2.448849999999999838e+01 1.705690000000000000e+05 6.547240000000000146e+04 2.207870000000000073e+04 1.644120000000000073e+04 -1.293500000000000000e+04 1.125700000000000000e+04 2.329359999999999854e+04 7.194200000000000372e+00 1.160379999999999967e+00 1.386530000000000000e+07 1.006060000000000000e+07 8.302740000000000009e+01
        redesign_dl_17.0_26862.dat 2.114249999999999829e+01 8.168400000000000105e-01 2.083600000000000000e+04 1.180460000000000036e+03 2.407679999999999865e+01 1.660410000000000000e+05 7.137780000000000291e+04 2.046200000000000000e+04 1.608129999999999927e+04 -1.291050000000000000e+04 1.061059999999999945e+03 2.225429999999999927e+04 8.837939999999999685e+00 1.355499999999999927e+00 1.363790000000000000e+07 1.004150000000000000e+07 8.309210000000000207e+01
        redesign_dl_17.0_47824.dat 2.203800000000000026e+01 8.237780000000000102e-01 2.134620000000000073e+04 1.157940000000000055e+03 2.450979999999999848e+01 1.788780000000000000e+05 7.688439999999999418e+04 1.838040000000000146e+04 1.694440000000000146e+04 -1.272960000000000036e+04 3.410989999999999782e+03 2.238200000000000000e+04 7.931490000000000151e+00 1.269069999999999920e+00 1.402990000000000000e+07 1.004480000000000000e+07 8.309019999999999584e+01
        redesign_dl_17.0_51321.dat 2.371209999999999951e+01 8.173439999999999594e-01 2.196840000000000146e+04 1.154049999999999955e+03 2.478470000000000084e+01 1.744450000000000000e+05 9.048069999999999709e+04 2.534570000000000073e+04 1.695779999999999927e+04 -1.270229999999999927e+04 5.854109999999999673e+03 2.436550000000000000e+04 7.717060000000000031e+00 1.241740000000000066e+00 1.401260000000000000e+07 1.005420000000000000e+07 8.316400000000000148e+01
        redesign_dl_17.0_52263.dat 2.125039999999999907e+01 8.210349999999999593e-01 2.108429999999999927e+04 1.125670000000000073e+03 2.353249999999999886e+01 1.595410000000000000e+05 6.780439999999999418e+04 1.691779999999999927e+04 1.659579999999999927e+04 -1.273589999999999964e+04 9.343890000000000100e+02 2.399070000000000073e+04 8.132659999999999556e+00 1.260990000000000055e+00 1.369090000000000000e+07 1.004850000000000000e+07 8.296959999999999980e+01
        redesign_dl_17.0_55769.dat 2.270919999999999916e+01 8.198020000000000307e-01 2.153579999999999927e+04 1.211910000000000082e+03 2.437529999999999930e+01 1.811390000000000000e+05 7.998039999999999418e+04 2.112829999999999927e+04 1.746609999999999854e+04 -1.263100000000000000e+04 7.515239999999999782e+03 2.379570000000000073e+04 8.146449999999999747e+00 1.282429999999999959e+00 1.405960000000000000e+07 1.005930000000000000e+07 8.314119999999999777e+01
         redesign_dl_18.0_2336.dat 2.553719999999999857e+01 8.283080000000000442e-01 2.355059999999999854e+04 1.187220000000000027e+03 2.515200000000000102e+01 1.752940000000000000e+05 7.850739999999999418e+04 2.576670000000000073e+04 1.695209999999999854e+04 -1.260279999999999927e+04 1.196300000000000000e+04 2.420770000000000073e+04 6.570750000000000313e+00 1.040119999999999933e+00 1.383310000000000000e+07 1.006310000000000000e+07 8.333360000000000412e+01
        redesign_dl_18.0_40743.dat 2.476520000000000010e+01 8.173500000000000210e-01 2.281479999999999927e+04 1.113759999999999991e+03 2.565609999999999857e+01 1.864710000000000000e+05 7.728850000000000000e+04 2.303609999999999854e+04 1.669300000000000000e+04 -1.259050000000000000e+04 7.018010000000000218e+03 2.468409999999999854e+04 6.970460000000000100e+00 1.104400000000000048e+00 1.409930000000000000e+07 1.006700000000000000e+07 8.312999999999999545e+01
        redesign_dl_18.0_45626.dat 2.355430000000000135e+01 8.183669999999999556e-01 2.262590000000000146e+04 1.194759999999999991e+03 2.666610000000000014e+01 1.724280000000000000e+05 6.398900000000000000e+04 2.057950000000000000e+04 1.690870000000000073e+04 -1.283889999999999964e+04 8.333989999999999782e+03 2.253650000000000000e+04 8.019930000000000447e+00 1.219999999999999973e+00 1.395860000000000000e+07 1.005760000000000000e+07 8.309279999999999688e+01
        redesign_dl_18.0_52870.dat 2.384590000000000032e+01 8.170020000000000060e-01 2.257250000000000000e+04 1.197160000000000082e+03 2.533310000000000173e+01 1.806320000000000000e+05 8.995130000000000291e+04 2.490650000000000000e+04 1.789120000000000073e+04 -1.277020000000000073e+04 1.057550000000000000e+04 2.434950000000000000e+04 7.982549999999999812e+00 1.198360000000000092e+00 1.402280000000000000e+07 1.006990000000000000e+07 8.310630000000000450e+01
        redesign_dl_18.0_52899.dat 2.411589999999999989e+01 8.237940000000000262e-01 2.508040000000000146e+04 1.113059999999999945e+03 2.602060000000000173e+01 1.916700000000000000e+05 1.025790000000000000e+05 3.181970000000000073e+04 1.724179999999999927e+04 -1.281370000000000073e+04 5.391649999999999636e+03 2.247290000000000146e+04 8.237980000000000302e+00 1.271539999999999893e+00 1.384100000000000000e+07 1.006080000000000000e+07 8.321040000000000703e+01
         redesign_dl_18.0_8564.dat 2.368440000000000012e+01 8.164289999999999603e-01 2.377200000000000000e+04 1.235319999999999936e+03 2.412330000000000041e+01 1.761980000000000000e+05 6.282759999999999854e+04 2.179350000000000000e+04 1.647120000000000073e+04 -1.283210000000000036e+04 6.418050000000000182e+03 2.281020000000000073e+04 8.504820000000000491e+00 1.287390000000000034e+00 1.380140000000000000e+07 1.005700000000000000e+07 8.314119999999999777e+01
        redesign_dl_19.0_21716.dat 2.539059999999999917e+01 8.214200000000000390e-01 2.590559999999999854e+04 1.215950000000000045e+03 2.703810000000000002e+01 2.048970000000000000e+05 6.747730000000000291e+04 2.192440000000000146e+04 1.715159999999999854e+04 -1.277460000000000036e+04 6.445739999999999782e+03 2.403329999999999927e+04 7.541159999999999641e+00 1.165650000000000075e+00 1.419870000000000000e+07 1.006970000000000000e+07 8.331329999999999814e+01
        redesign_dl_19.0_40322.dat 2.383689999999999998e+01 8.150770000000000515e-01 2.215129999999999927e+04 1.110019999999999982e+03 2.568860000000000099e+01 1.653500000000000000e+05 8.541619999999999709e+04 2.361290000000000146e+04 1.662050000000000000e+04 -1.291739999999999964e+04 5.194270000000000437e+03 2.187490000000000146e+04 7.431969999999999743e+00 1.102230000000000043e+00 1.376200000000000000e+07 1.005320000000000000e+07 8.330589999999999407e+01
        redesign_dl_19.0_43619.dat 2.515690000000000026e+01 8.239560000000000217e-01 2.354320000000000073e+04 1.104799999999999955e+03 2.891989999999999839e+01 1.692870000000000000e+05 9.377500000000000000e+04 2.428720000000000073e+04 1.685040000000000146e+04 -1.269970000000000073e+04 7.195470000000000255e+03 2.485540000000000146e+04 5.288039999999999630e+00 9.132639999999999647e-01 1.422750000000000000e+07 1.005880000000000000e+07 8.319230000000000302e+01
        redesign_dl_19.0_47165.dat 2.446819999999999951e+01 8.349870000000000347e-01 2.456900000000000000e+04 1.189849999999999909e+03 2.801920000000000144e+01 1.923690000000000000e+05 7.424710000000000582e+04 2.524470000000000073e+04 1.660650000000000000e+04 -1.253329999999999927e+04 5.964970000000000255e+03 2.329900000000000000e+04 5.814610000000000056e+00 9.521359999999999824e-01 1.393390000000000000e+07 1.006490000000000000e+07 8.330899999999999750e+01
        redesign_dl_19.0_47952.dat 2.800959999999999894e+01 8.313850000000000406e-01 2.356859999999999854e+04 1.067619999999999891e+03 2.658810000000000073e+01 1.685090000000000000e+05 6.983400000000000000e+04 2.634470000000000073e+04 1.723809999999999854e+04 -1.257060000000000036e+04 1.050670000000000073e+04 2.381620000000000073e+04 6.670440000000000147e+00 1.081029999999999935e+00 1.460920000000000000e+07 1.007260000000000000e+07 8.332210000000000605e+01
        redesign_dl_19.0_50292.dat 2.551470000000000127e+01 8.196400000000000352e-01 2.304409999999999854e+04 1.068259999999999991e+03 2.733609999999999829e+01 1.618360000000000000e+05 8.437910000000000582e+04 2.104290000000000146e+04 1.680440000000000146e+04 -1.274010000000000036e+04 4.826829999999999927e+03 2.493620000000000073e+04 5.586940000000000239e+00 9.551950000000000163e-01 1.398560000000000000e+07 1.005170000000000000e+07 8.323189999999999600e+01
        redesign_dl_20.0_14324.dat 2.627759999999999962e+01 8.240709999999999980e-01 2.850570000000000073e+04 1.062220000000000027e+03 2.875969999999999871e+01 1.815060000000000000e+05 7.836850000000000000e+04 2.658929999999999927e+04 1.695850000000000000e+04 -1.262629999999999927e+04 1.729259999999999854e+04 2.438600000000000000e+04 5.245669999999999611e+00 8.883159999999999945e-01 1.404360000000000000e+07 1.007550000000000000e+07 8.333459999999999468e+01
        redesign_dl_20.0_26862.dat 2.550260000000000105e+01 8.289079999999999782e-01 2.219659999999999854e+04 9.999180000000000064e+02 2.788899999999999935e+01 1.528100000000000000e+05 7.210669999999999709e+04 2.306500000000000000e+04 1.615670000000000073e+04 -1.258470000000000073e+04 6.319140000000000327e+03 2.357659999999999854e+04 7.470060000000000144e+00 1.178020000000000067e+00 1.385510000000000000e+07 1.006350000000000000e+07 8.320610000000000639e+01
        redesign_dl_20.0_47824.dat 2.628920000000000101e+01 8.381319999999999881e-01 2.279029999999999927e+04 9.817160000000000082e+02 2.818359999999999843e+01 1.843250000000000000e+05 9.138639999999999418e+04 1.946740000000000146e+04 1.729770000000000073e+04 -1.242560000000000036e+04 8.394860000000000582e+03 2.285470000000000073e+04 5.034460000000000157e+00 9.173820000000000308e-01 1.434910000000000000e+07 1.005230000000000000e+07 8.337720000000000198e+01
        redesign_dl_20.0_51321.dat 2.794229999999999947e+01 8.247079999999999966e-01 2.447409999999999854e+04 1.008139999999999986e+03 2.858930000000000149e+01 1.677040000000000000e+05 1.018710000000000000e+05 2.920850000000000000e+04 1.731609999999999854e+04 -1.251610000000000036e+04 1.207960000000000036e+04 2.508520000000000073e+04 6.162959999999999994e+00 1.043800000000000061e+00 1.428490000000000000e+07 1.006040000000000000e+07 8.329789999999999850e+01
        redesign_dl_20.0_52263.dat 2.556700000000000017e+01 8.288140000000000507e-01 2.325679999999999927e+04 1.016940000000000055e+03 2.739610000000000056e+01 1.623720000000000000e+05 9.207500000000000000e+04 2.293379999999999927e+04 1.780970000000000073e+04 -1.266150000000000000e+04 7.075840000000000146e+03 2.295150000000000000e+04 7.499310000000000365e+00 1.155149999999999899e+00 1.394280000000000000e+07 1.007220000000000000e+07 8.319180000000000064e+01
        redesign_dl_20.0_55769.dat 2.692899999999999849e+01 8.319360000000000088e-01 2.401690000000000146e+04 1.074029999999999973e+03 2.839560000000000173e+01 1.977530000000000000e+05 8.681850000000000000e+04 2.838500000000000000e+04 1.776900000000000000e+04 -1.254329999999999927e+04 1.309620000000000073e+04 2.311459999999999854e+04 6.682220000000000049e+00 1.090640000000000054e+00 1.428160000000000000e+07 1.007380000000000000e+07 8.337239999999999895e+01
         redesign_dl_21.0_2336.dat 2.937839999999999918e+01 8.359370000000000411e-01 2.735490000000000146e+04 1.014690000000000055e+03 2.892289999999999850e+01 1.744650000000000000e+05 9.700139999999999418e+04 3.232079999999999927e+04 1.751809999999999854e+04 -1.215200000000000000e+04 1.525110000000000036e+04 2.609529999999999927e+04 5.757590000000000430e+00 9.647890000000000077e-01 1.412290000000000000e+07 1.007640000000000000e+07 8.339130000000000109e+01
        redesign_dl_21.0_40743.dat 2.850900000000000034e+01 8.300389999999999713e-01 2.704920000000000073e+04 1.019379999999999995e+03 2.986060000000000159e+01 1.774160000000000000e+05 9.253560000000000582e+04 2.482079999999999927e+04 1.734670000000000073e+04 -1.211410000000000036e+04 1.431800000000000000e+04 2.518670000000000073e+04 5.816559999999999953e+00 9.717620000000000147e-01 1.439520000000000000e+07 1.007580000000000000e+07 8.335680000000000689e+01
        redesign_dl_21.0_45626.dat 2.792239999999999966e+01 8.294970000000000399e-01 2.660609999999999854e+04 1.029950000000000045e+03 3.051170000000000115e+01 1.915930000000000000e+05 7.282039999999999418e+04 2.594470000000000073e+04 1.726370000000000073e+04 -1.260060000000000036e+04 1.259239999999999964e+04 2.411150000000000000e+04 6.258560000000000123e+00 1.041630000000000056e+00 1.412080000000000000e+07 1.006950000000000000e+07 8.324450000000000216e+01
        redesign_dl_21.0_52870.dat 2.814000000000000057e+01 8.302730000000000388e-01 2.477270000000000073e+04 1.098599999999999909e+03 2.928770000000000095e+01 1.735380000000000000e+05 1.071440000000000000e+05 2.991470000000000073e+04 1.811790000000000146e+04 -1.250220000000000073e+04 1.411550000000000000e+04 2.779220000000000073e+04 7.264520000000000088e+00 1.060419999999999918e+00 1.429720000000000000e+07 1.007550000000000000e+07 8.335250000000000625e+01
        redesign_dl_21.0_52899.dat 2.817589999999999861e+01 8.364470000000000516e-01 2.732020000000000073e+04 1.028210000000000036e+03 3.028300000000000125e+01 1.949200000000000000e+05 1.050520000000000000e+05 2.783020000000000073e+04 1.746070000000000073e+04 -1.240939999999999964e+04 9.135149999999999636e+03 2.259859999999999854e+04 7.289299999999999891e+00 1.167110000000000092e+00 1.404300000000000000e+07 1.007830000000000000e+07 8.328409999999999513e+01
         redesign_dl_21.0_8564.dat 2.782160000000000011e+01 8.243810000000000304e-01 2.404220000000000073e+04 1.096869999999999891e+03 2.808299999999999841e+01 1.734240000000000000e+05 8.038980000000000291e+04 2.440440000000000146e+04 1.702090000000000146e+04 -1.269710000000000036e+04 9.925450000000000728e+03 2.445900000000000000e+04 7.320429999999999993e+00 1.165019999999999945e+00 1.397330000000000000e+07 1.006480000000000000e+07 8.351709999999999923e+01
        redesign_dl_22.0_21716.dat 2.965549999999999997e+01 8.306270000000000042e-01 2.571300000000000000e+04 1.095319999999999936e+03 3.122810000000000130e+01 2.151500000000000000e+05 8.179989999999999418e+04 2.555929999999999927e+04 1.762220000000000073e+04 -1.258339999999999964e+04 1.161010000000000036e+04 2.570020000000000073e+04 6.422250000000000014e+00 1.034559999999999924e+00 1.453510000000000000e+07 1.007520000000000000e+07 8.350209999999999866e+01
        redesign_dl_22.0_40322.dat 2.792620000000000147e+01 8.265369999999999662e-01 2.571290000000000146e+04 1.038630000000000109e+03 2.934819999999999851e+01 1.606100000000000000e+05 1.013530000000000000e+05 2.548409999999999854e+04 1.706950000000000000e+04 -1.248550000000000000e+04 1.029329999999999927e+04 2.329270000000000073e+04 5.760830000000000339e+00 9.278239999999999821e-01 1.388530000000000000e+07 1.006830000000000000e+07 8.342119999999999891e+01
        redesign_dl_22.0_43619.dat 2.894450000000000145e+01 8.396609999999999907e-01 2.480270000000000073e+04 1.052349999999999909e+03 3.261979999999999791e+01 1.809270000000000000e+05 9.745189999999999418e+04 2.730100000000000000e+04 1.738900000000000000e+04 -1.228529999999999927e+04 1.047650000000000000e+04 2.574940000000000146e+04 4.507530000000000037e+00 8.147339999999999582e-01 1.437060000000000000e+07 1.007450000000000000e+07 8.338410000000000366e+01
        redesign_dl_22.0_47165.dat 2.858070000000000022e+01 8.361830000000000096e-01 2.748300000000000000e+04 1.215589999999999918e+03 3.248120000000000118e+01 1.939260000000000000e+05 1.090260000000000000e+05 2.712920000000000073e+04 1.782759999999999854e+04 -1.236660000000000036e+04 1.262639999999999964e+04 2.431290000000000146e+04 5.593009999999999593e+00 9.673570000000000224e-01 1.436800000000000000e+07 1.007610000000000000e+07 8.340529999999999688e+01
        redesign_dl_22.0_47952.dat 3.178849999999999909e+01 8.455219999999999958e-01 2.564440000000000146e+04 1.018830000000000041e+03 3.128150000000000119e+01 1.761560000000000000e+05 1.057090000000000000e+05 3.007590000000000146e+04 1.776950000000000000e+04 -1.205060000000000036e+04 1.446710000000000036e+04 2.503979999999999927e+04 6.009590000000000209e+00 9.486280000000000268e-01 1.488870000000000000e+07 1.008780000000000000e+07 8.348629999999999995e+01
        redesign_dl_22.0_50292.dat 2.948160000000000025e+01 8.358539999999999859e-01 2.499329999999999927e+04 9.739030000000000200e+02 3.172159999999999869e+01 1.653890000000000000e+05 7.585960000000000582e+04 2.366650000000000000e+04 1.729100000000000000e+04 -1.258189999999999964e+04 9.804049999999999272e+03 2.709179999999999927e+04 4.971020000000000216e+00 8.548759999999999692e-01 1.417690000000000000e+07 1.007170000000000000e+07 8.335760000000000502e+01
        redesign_dl_23.0_14324.dat 3.007750000000000057e+01 8.365960000000000063e-01 2.895490000000000146e+04 1.047220000000000027e+03 3.303560000000000230e+01 1.679820000000000000e+05 9.376160000000000582e+04 3.000370000000000073e+04 1.747729999999999927e+04 -1.222400000000000000e+04 2.269459999999999854e+04 2.578720000000000073e+04 4.976370000000000182e+00 8.749379999999999935e-01 1.429030000000000000e+07 1.008060000000000000e+07 8.347499999999999432e+01
        redesign_dl_23.0_26862.dat 2.936280000000000001e+01 8.373690000000000300e-01 2.392009999999999854e+04 9.352000000000000455e+02 3.182229999999999848e+01 1.628490000000000000e+05 7.526260000000000582e+04 2.565100000000000000e+04 1.674500000000000000e+04 -1.231550000000000000e+04 1.087389999999999964e+04 2.418370000000000073e+04 6.953050000000000175e+00 1.066119999999999957e+00 1.391900000000000000e+07 1.007950000000000000e+07 8.337359999999999616e+01
        redesign_dl_23.0_47824.dat 3.014750000000000085e+01 8.519600000000000506e-01 2.636890000000000146e+04 9.349210000000000491e+02 3.255539999999999878e+01 1.827140000000000000e+05 1.050720000000000000e+05 2.149100000000000000e+04 1.774970000000000073e+04 -1.219279999999999927e+04 1.267339999999999964e+04 2.388459999999999854e+04 4.306460000000000399e+00 7.855550000000000033e-01 1.456310000000000000e+07 1.007810000000000000e+07 8.344740000000000180e+01
        redesign_dl_23.0_51321.dat 3.163520000000000110e+01 8.351100000000000190e-01 2.827029999999999927e+04 9.773859999999999673e+02 3.235289999999999822e+01 1.769700000000000000e+05 1.071740000000000000e+05 2.806270000000000073e+04 1.731350000000000000e+04 -1.221389999999999964e+04 1.154650000000000000e+04 2.588590000000000146e+04 5.766720000000000290e+00 9.707839999999999803e-01 1.461480000000000000e+07 1.008580000000000000e+07 8.342059999999999320e+01
        redesign_dl_23.0_52263.dat 2.942749999999999844e+01 8.382110000000000394e-01 2.498320000000000073e+04 9.675170000000000528e+02 3.143220000000000169e+01 1.539290000000000000e+05 1.127400000000000000e+05 2.712470000000000073e+04 1.858470000000000073e+04 -1.247229999999999927e+04 1.269079999999999927e+04 2.470190000000000146e+04 6.097780000000000200e+00 1.005509999999999904e+00 1.419740000000000000e+07 1.008430000000000000e+07 8.337879999999999825e+01
        redesign_dl_23.0_55769.dat 3.113019999999999854e+01 8.380849999999999689e-01 2.710590000000000146e+04 1.017179999999999950e+03 3.265129999999999910e+01 1.881710000000000000e+05 9.424030000000000291e+04 3.328030000000000291e+04 1.785029999999999927e+04 -1.229250000000000000e+04 1.521920000000000073e+04 2.508979999999999927e+04 5.406880000000000130e+00 9.392530000000000046e-01 1.460560000000000000e+07 1.008580000000000000e+07 8.358939999999999770e+01
         redesign_dl_24.0_2336.dat 3.300489999999999924e+01 8.415820000000000523e-01 2.941240000000000146e+04 1.020149999999999977e+03 3.271790000000000020e+01 1.828620000000000000e+05 1.400990000000000000e+05 3.552200000000000000e+04 1.772790000000000146e+04 -1.219910000000000036e+04 1.952770000000000073e+04 2.759629999999999927e+04 5.651640000000000441e+00 9.039939999999999642e-01 1.432780000000000000e+07 1.009610000000000000e+07 8.364329999999999643e+01
        redesign_dl_24.0_40743.dat 3.223120000000000118e+01 8.438600000000000545e-01 2.850979999999999927e+04 9.926140000000000327e+02 3.409669999999999845e+01 1.845370000000000000e+05 1.045390000000000000e+05 2.747320000000000073e+04 1.776520000000000073e+04 -1.227329999999999927e+04 1.805870000000000073e+04 2.353959999999999854e+04 5.796179999999999666e+00 9.276839999999999531e-01 1.463920000000000000e+07 1.010170000000000000e+07 8.359109999999999729e+01
        redesign_dl_24.0_45626.dat 3.166189999999999927e+01 8.473260000000000236e-01 2.792879999999999927e+04 9.818089999999999691e+02 3.438320000000000221e+01 1.975150000000000000e+05 1.045910000000000000e+05 2.849329999999999927e+04 1.776679999999999927e+04 -1.211770000000000073e+04 1.388120000000000073e+04 2.594040000000000146e+04 5.404080000000000439e+00 8.764009999999999856e-01 1.445070000000000000e+07 1.008030000000000000e+07 8.346210000000000662e+01
        redesign_dl_24.0_52870.dat 3.188680000000000092e+01 8.477749999999999453e-01 2.789220000000000073e+04 9.846860000000000355e+02 3.308659999999999712e+01 1.606000000000000000e+05 1.225950000000000000e+05 3.247629999999999927e+04 1.829709999999999854e+04 -1.219600000000000000e+04 1.723590000000000146e+04 3.066490000000000146e+04 4.867880000000000429e+00 8.715169999999999861e-01 1.462170000000000000e+07 1.009610000000000000e+07 8.358629999999999427e+01
        redesign_dl_24.0_52899.dat 3.186240000000000094e+01 8.470940000000000136e-01 3.016659999999999854e+04 9.968669999999999618e+02 3.452570000000000050e+01 2.089940000000000000e+05 1.182320000000000000e+05 2.949390000000000146e+04 1.813500000000000000e+04 -1.211270000000000073e+04 1.393700000000000000e+04 2.493490000000000146e+04 6.733200000000000074e+00 1.095439999999999969e+00 1.438580000000000000e+07 1.009000000000000000e+07 8.357920000000000016e+01
         redesign_dl_24.0_8564.dat 3.151490000000000080e+01 8.320889999999999675e-01 2.503429999999999927e+04 1.028779999999999973e+03 3.259270000000000067e+01 1.815410000000000000e+05 1.005690000000000000e+05 2.791470000000000073e+04 1.770970000000000073e+04 -1.242229999999999927e+04 1.379260000000000036e+04 2.404220000000000073e+04 6.620770000000000266e+00 1.071830000000000060e+00 1.423170000000000000e+07 1.007820000000000000e+07 8.357590000000000430e+01
