Statistics: mean. Generated: 11/11/2021 17:02:22. No. files: 120.
                              File                       4                      10                      11                      13                      15                      19                      20                      22                      23                      27                      28                      29                      63                      66                      72                     102                     110
        redesign_dl_05.0_21716.dat 5.349999999999998854e-04 3.522516652833334039e-01 3.041744485833332874e+03 3.486046585000000277e+02 4.770508221499999202e+00 3.265421940890283440e+04 3.625362125672868387e+03 -7.813025432280832320e+03 3.113289382333333378e+03 -3.040541670333333514e+03 -7.859700589833333652e+03 8.903147706690998575e+02 9.116573370237832208e+00 1.376301011333333157e+00 2.827925500500000082e+06 1.031458293316666619e+06 4.872798994499999736e+01
        redesign_dl_05.0_40322.dat 5.349999999999998854e-04 3.555020308833332643e-01 3.072169331333334412e+03 3.572591817500000388e+02 5.123477705499999146e+00 3.369404999249999673e+04 3.593889939980366307e+03 -7.791311980499998754e+03 3.120227572333333228e+03 -3.070541442166666002e+03 -8.044305360666666274e+03 8.793733036228334186e+02 9.379553115666666940e+00 1.416090334649999782e+00 2.855744311833333224e+06 1.034796588499999954e+06 4.864933415333332789e+01
        redesign_dl_05.0_43619.dat 5.349999999999998854e-04 3.714120540666666637e-01 3.368283150333333197e+03 3.789257160166665699e+02 4.974524632166666294e+00 3.665202547050717112e+04 4.225648345062883891e+03 -7.272573526832833522e+03 3.486933146000000306e+03 -3.368096988666666675e+03 -8.516119091333333927e+03 1.034329718735733877e+03 9.431078960661666954e+00 1.386166340583333323e+00 3.132683420166666619e+06 1.197997656966666691e+06 4.860836575333333798e+01
        redesign_dl_05.0_47165.dat 5.349999999999998854e-04 3.388142448833332820e-01 2.775285420333333150e+03 3.177425453166666784e+02 5.133226849333333952e+00 2.883369513380333592e+04 3.148574976346789754e+03 -8.136127836333333107e+03 2.804564863166667237e+03 -2.773469488666666166e+03 -7.241430149666667603e+03 7.541076435009799752e+02 9.297541039352999803e+00 1.389003944933333345e+00 2.579418247500000056e+06 8.811820818833333906e+05 4.871416933833332763e+01
        redesign_dl_05.0_47952.dat 5.349999999999998854e-04 3.534265654666666756e-01 3.060544605666666030e+03 3.504757056666667268e+02 4.923791788833333349e+00 3.339361687755000457e+04 3.828794402209681721e+03 -7.333273971923932550e+03 3.094175975499999367e+03 -3.058900241833332984e+03 -7.911347867666667298e+03 7.925242919967499802e+02 9.278545119191667467e+00 1.390262194866666690e+00 2.844831890999999829e+06 1.042323601200000034e+06 4.862790072833332999e+01
        redesign_dl_05.0_50292.dat 5.349999999999998854e-04 3.389224507833332733e-01 2.795414066716666639e+03 3.226292014833333042e+02 4.856546652166666256e+00 2.970765693383316830e+04 3.535831124364262450e+03 -7.763567200666667304e+03 2.885330514000000221e+03 -2.794583429000000251e+03 -7.344259148333332632e+03 7.569496000727665432e+02 9.107322402245166870e+00 1.375609047299999999e+00 2.599215082833333407e+06 8.997905535999999847e+05 4.876447022166666301e+01
        redesign_dl_06.0_14324.dat 5.349999999999998854e-04 4.284393746000000336e-01 4.436311117833332901e+03 5.144462654666666594e+02 6.242378819999998996e+00 5.379876556233332667e+04 5.631154421701090541e+03 -5.934267843195983914e+03 4.466481693333333169e+03 -4.435201760333334278e+03 -1.104540972666666858e+04 1.268808422415883342e+03 9.234423634747665588e+00 1.398451932816666687e+00 4.124770973833333235e+06 1.781885051316666650e+06 4.840989222833333372e+01
        redesign_dl_06.0_26862.dat 5.349999999999998854e-04 4.157171526000000283e-01 4.236017322833334219e+03 4.898848918499999741e+02 6.071578055166667376e+00 5.077254751149999356e+04 5.496758236444784416e+03 -6.114312425782150058e+03 4.294819421499999407e+03 -4.234157045500000095e+03 -1.057092784600000050e+04 1.260521984099500060e+03 9.290458323931666484e+00 1.400152690700000147e+00 3.937875600166666787e+06 1.695661929999999935e+06 4.850105817000000030e+01
        redesign_dl_06.0_47824.dat 5.349999999999998854e-04 3.805489539500000462e-01 3.537275347416666591e+03 4.106485081166666191e+02 5.893976631666666854e+00 4.056736436198433512e+04 4.345751076334300706e+03 -7.149938797499999055e+03 3.635104586833333087e+03 -3.535323685166666564e+03 -8.978131751999999324e+03 9.311507792911000934e+02 8.964401318581717959e+00 1.365266177333333664e+00 3.288133500833333470e+06 1.285233197366666747e+06 4.860186098666666510e+01
        redesign_dl_06.0_51321.dat 5.349999999999998854e-04 4.229035891000000880e-01 4.345015646333333279e+03 4.974949236999999016e+02 6.144829731833333142e+00 5.120766314666668040e+04 5.123223168491971592e+03 -6.628221028343833495e+03 4.341735991833334083e+03 -4.340529707833333305e+03 -1.072525553083333398e+04 1.282626775683100050e+03 9.303893258449999593e+00 1.391901300150000020e+00 4.036646714833333157e+06 1.738035804166666698e+06 4.844038153666666346e+01
        redesign_dl_06.0_52263.dat 5.349999999999998854e-04 4.278166177333332931e-01 4.441894525666666595e+03 5.139292186000000129e+02 5.875046557166666794e+00 5.332385477016666118e+04 5.556698223087349106e+03 -6.290268386372833447e+03 4.553914354333333904e+03 -4.438565743666667004e+03 -1.109276732533333416e+04 1.297618866657083345e+03 9.357102822166666556e+00 1.411491856999999905e+00 4.128164676500000060e+06 1.794399915166666731e+06 4.833469397166665260e+01
        redesign_dl_06.0_55769.dat 5.349999999999998854e-04 4.311636460333334031e-01 4.524785661166665705e+03 5.168933752666666805e+02 5.914840918833333738e+00 5.342943978883733507e+04 5.268373412060913324e+03 -6.589806740677033304e+03 4.636041049833333091e+03 -4.521028163833334474e+03 -1.108579950333333363e+04 1.234891719878666663e+03 9.120549057052500075e+00 1.374162300800000125e+00 4.204893693500000052e+06 1.850725797316666692e+06 4.846252701333333590e+01
         redesign_dl_07.0_2336.dat 5.349999999999998854e-04 5.368004426333332635e-01 7.096149823166667375e+03 8.067307583166666518e+02 7.039102519666666780e+00 8.873990861096665321e+04 8.229528288814399275e+03 -4.924936460714354325e+03 7.088245595333334677e+03 -7.085255173500001547e+03 -1.662487863866666885e+04 1.967632267264199982e+03 9.201080242378832708e+00 1.388829606500000091e+00 6.589263409833333455e+06 3.689965470833333209e+06 4.785659509000000611e+01
        redesign_dl_07.0_40743.dat 5.349999999999998854e-04 5.299012392166667640e-01 6.815497662999999193e+03 7.905265193499999441e+02 7.152787549833333536e+00 8.708306250828500197e+04 8.236313734311182998e+03 -4.574181510166259613e+03 6.907037997333333806e+03 -6.807821403500001907e+03 -1.627121756483333229e+04 1.963093125540783149e+03 9.160061958166668461e+00 1.397515232833333565e+00 6.331507744333333336e+06 3.405953171166666783e+06 4.787094551500000250e+01
        redesign_dl_07.0_45626.dat 5.349999999999998854e-04 5.308700033833333443e-01 6.842098835666667583e+03 7.950455271333332803e+02 7.205444805666667563e+00 8.747888447472332336e+04 8.110646704286867134e+03 -4.852186533701800727e+03 6.882235832833333916e+03 -6.832944988499999454e+03 -1.640571151849999660e+04 1.904754793902450047e+03 9.320248757833331510e+00 1.416110290933333404e+00 6.354728521333333105e+06 3.422860831833333243e+06 4.784419854000000782e+01
        redesign_dl_07.0_52870.dat 5.349999999999998854e-04 5.192187434500000753e-01 6.534464621500000248e+03 7.465895819500000243e+02 6.932948184166666472e+00 8.230101459293333755e+04 8.051666911073166375e+03 -4.301191002146068058e+03 6.533643515833334277e+03 -6.528500106833334030e+03 -1.553050967483333261e+04 1.890976246032799736e+03 9.207656808596999198e+00 1.393191184666666471e+00 6.071443436499999836e+06 3.192371718166666571e+06 4.804645561833333289e+01
        redesign_dl_07.0_52899.dat 5.349999999999998854e-04 4.996097367333333650e-01 6.096246143500000471e+03 7.052215055833331689e+02 7.222141492833332954e+00 7.665256804241565987e+04 7.402799137650001285e+03 -5.222422720905999995e+03 6.212473502166666549e+03 -6.089208341833332270e+03 -1.463558980150000025e+04 1.679132647255583151e+03 9.147414795665218534e+00 1.392477191466666930e+00 5.663284083166666329e+06 2.906013294166666456e+06 4.802526727666666773e+01
         redesign_dl_07.0_8564.dat 5.349999999999998854e-04 4.900246747833333361e-01 5.898934596666667858e+03 6.847155394166667293e+02 6.828634145333333905e+00 7.437686079766666808e+04 7.178594620226509505e+03 -5.137105240854833937e+03 5.939867393833332244e+03 -5.894451498666667248e+03 -1.424534464566666611e+04 1.614436151708281386e+03 9.245792028166665233e+00 1.399222127599999865e+00 5.481937977833333425e+06 2.791396785916666500e+06 4.812591102833334133e+01
        redesign_dl_08.0_15536.dat 5.349999999999998854e-04 5.720815468666666792e-01 7.976496896333333098e+03 9.230223388166665472e+02 7.970315955000001118e+00 1.027976335085234896e+05 9.091426467882289217e+03 -4.389476377123418388e+03 7.956283396666666704e+03 -7.962912003833333983e+03 -1.872027505233333432e+04 2.248266747947183831e+03 9.134574513699998732e+00 1.392214557500000005e+00 7.405457997000000440e+06 4.347642321666666307e+06 4.767700953500000338e+01
        redesign_dl_08.0_22441.dat 5.349999999999998854e-04 5.751483301666666659e-01 8.045801443833332996e+03 9.344297962166665457e+02 8.169086876333333080e+00 1.046752730215233460e+05 9.533500851575698107e+03 -3.762430337565483114e+03 8.185745448000001488e+03 -8.034295401500000480e+03 -1.891198143283333047e+04 2.277065669973955210e+03 9.124551022166667025e+00 1.395383659883333127e+00 7.472323330000000075e+06 4.379084644833333790e+06 4.768665896833333306e+01
        redesign_dl_08.0_32293.dat 5.349999999999998854e-04 5.595401238666666277e-01 7.618871512166667344e+03 8.858865331166665555e+02 7.979578196833332804e+00 9.779273801637165889e+04 8.656243424325117303e+03 -4.945049714871443939e+03 7.764123144000000138e+03 -7.607835611666667319e+03 -1.800920486166666888e+04 2.173340261915033352e+03 9.194364074583333490e+00 1.400337441166666919e+00 7.075781416000000201e+06 4.034620038499999791e+06 4.763307471166666573e+01
        redesign_dl_08.0_41120.dat 8.357151465850000014e-04 5.902938369833332644e-01 8.369662589333333017e+03 9.762474299333333647e+02 8.076388957000000701e+00 1.105866495066984935e+05 1.050156100154241540e+04 -2.434740275161266709e+03 8.665306447500001013e+03 -8.361212685166667143e+03 -1.974165047199999754e+04 2.287680009207971580e+03 9.049172538233333896e+00 1.383504455416666667e+00 7.776808377833333798e+06 4.722571066999999806e+06 4.764951438999999311e+01
        redesign_dl_08.0_46290.dat 5.349999999999998854e-04 5.577024827000001128e-01 7.551747877166667422e+03 8.714545790500000066e+02 8.196461741999998551e+00 9.683223702562665858e+04 9.026286355973332320e+03 -4.281166330494361318e+03 7.689366836333332685e+03 -7.540215820666665422e+03 -1.774305606700000499e+04 2.148787270676833487e+03 9.130924674016668519e+00 1.389502399916666464e+00 7.012798127166667022e+06 3.969839686166666448e+06 4.770520767166667042e+01
        redesign_dl_08.0_60415.dat 5.349999999999998854e-04 5.548333308666665298e-01 7.477202634666666199e+03 8.690888727500000641e+02 7.825128515166666077e+00 9.663574144089933543e+04 8.944005469227784488e+03 -4.147977280496963431e+03 7.627718590333333850e+03 -7.467519433499999650e+03 -1.777380722800000149e+04 2.108985535519900168e+03 9.316661354833334130e+00 1.415261115383332990e+00 6.945240087666667067e+06 3.916642196166666690e+06 4.776408190499999762e+01
        redesign_dl_09.0_21716.dat 4.842504190703947331e-02 6.376574845500000421e-01 9.595287090166668349e+03 1.131001867533333098e+03 8.767930439166667256e+00 1.283523285883333301e+05 1.107560204962716853e+04 -2.781362549751961524e+03 9.787393886333333285e+03 -9.580024800166665955e+03 -2.245540598166666314e+04 2.669424310690299990e+03 8.743402058316666725e+00 1.354416264750000209e+00 8.910108560333333910e+06 5.870324798333332874e+06 4.735027927000000858e+01
        redesign_dl_09.0_40322.dat 5.349999999999998854e-04 6.340281875333332318e-01 9.697932161000000633e+03 1.131319840416666693e+03 9.124926192333333574e+00 1.283894009200000000e+05 1.127463944290240033e+04 -2.817853127853933529e+03 9.847001828333333833e+03 -9.683103278333332128e+03 -2.252708900333333440e+04 2.670710363387082907e+03 9.098438133500000191e+00 1.395388286249999998e+00 9.005796473833333701e+06 5.770382123333333060e+06 4.731856931833333135e+01
        redesign_dl_09.0_43619.dat 1.181548229134500305e-01 6.516060021999999785e-01 1.008324920050000037e+04 1.165933919933333527e+03 8.995607800000000154e+00 1.330923068269999931e+05 1.200401084862890093e+04 -1.953722778160361713e+03 1.034599555933333249e+04 -1.006524992516666680e+04 -2.324216536250000354e+04 2.857032667815483819e+03 8.927557307833334121e+00 1.369586737583333269e+00 9.361517605499999598e+06 6.224728791500000283e+06 4.721441448000000207e+01
        redesign_dl_09.0_47165.dat 5.349999999999998854e-04 6.177035244666666536e-01 9.248639342166665301e+03 1.068966685799999823e+03 9.147014851000001556e+00 1.207694654352020007e+05 1.059770082244901641e+04 -3.333145838044894845e+03 9.366388511666667910e+03 -9.233020900499999698e+03 -2.134688922249999450e+04 2.591196811033325503e+03 9.039718705660000353e+00 1.381845118833332942e+00 8.587121405500000343e+06 5.364600061166666448e+06 4.737108296500000648e+01
        redesign_dl_09.0_47952.dat 3.484877813766250054e-01 6.327626572166666907e-01 9.630434165500000745e+03 1.097602135300000100e+03 8.979567647999999735e+00 1.252489479781666450e+05 1.162012107360020127e+04 -2.098478546987182654e+03 9.774051279999999679e+03 -9.618573252333335404e+03 -2.187568402666666952e+04 2.711259648704132815e+03 8.744540524283332061e+00 1.354565538366666821e+00 8.945729715666666627e+06 5.737828806333333254e+06 4.742340099500000150e+01
        redesign_dl_09.0_50292.dat 3.712271072382666761e-03 6.183126228999999974e-01 9.174684439500000735e+03 1.073901448016666791e+03 8.844401246333331912e+00 1.218441137528133258e+05 1.101476373116258401e+04 -2.673101582160849830e+03 9.409583264166667504e+03 -9.160556872166667745e+03 -2.142762792033332880e+04 2.564792608757999915e+03 8.929000809666668204e+00 1.374032686866666575e+00 8.520038111666666344e+06 5.361503362999999896e+06 4.738024391833334192e+01
        redesign_dl_10.0_14324.dat 2.966449716252869684e-01 7.225911805500000451e-01 1.177972885416666577e+04 1.402088088633333655e+03 1.024892550683333070e+01 1.628392492816666490e+05 1.454772425970881704e+04 3.213795161288833810e+02 1.191279177216666540e+04 -1.175891330516666494e+04 -2.743035412999999971e+04 3.298641439150832866e+03 8.466181691866667691e+00 1.328034848249999955e+00 1.093622471316666715e+07 7.935943794333333150e+06 4.698598918833333471e+01
        redesign_dl_10.0_26862.dat 8.545715748992037675e-01 6.972135426166665706e-01 1.137654159866666851e+04 1.292309323850000055e+03 1.006127499949999837e+01 1.495037909400000062e+05 1.407701536572566874e+04 -3.698653714612132717e+02 1.155133768416666499e+04 -1.135767773116666649e+04 -2.536457315999999264e+04 3.217376587560533153e+03 8.271162332999999478e+00 1.303840315850000042e+00 1.056318034816666692e+07 7.503909915000000037e+06 4.713359307500000028e+01
        redesign_dl_10.0_47824.dat 1.079868505484318369e-01 6.661886610333334069e-01 1.051228602349999892e+04 1.236080175399999916e+03 9.896035203333333641e+00 1.416575761035116739e+05 1.248504932032699980e+04 -1.695306596043700210e+03 1.074445441683333229e+04 -1.049339629933333345e+04 -2.425461497400000007e+04 2.977641175570900032e+03 8.651851974126666178e+00 1.345978030900000011e+00 9.759615572333334014e+06 6.624175849999999627e+06 4.718076252833333939e+01
        redesign_dl_10.0_51321.dat 5.994182085827374218e-01 7.042481834499999538e-01 1.153650518200000079e+04 1.322608319283333458e+03 1.013875334566666631e+01 1.524186748516666412e+05 1.369565940221410165e+04 -1.068582837266778370e+03 1.160810756233333268e+04 -1.151469120649999968e+04 -2.594635412866666593e+04 3.257440306538343521e+03 8.454838973716666928e+00 1.319942745183332988e+00 1.070894680583333410e+07 7.608937431166666560e+06 4.702250906333332381e+01
        redesign_dl_10.0_52263.dat 6.092317002505501788e-01 7.113672725666667640e-01 1.176578166716666783e+04 1.354420204183333453e+03 9.858580048666667039e+00 1.563128646049999807e+05 1.396675122087530326e+04 -6.472538678086016262e+02 1.202755456683333250e+04 -1.174495638750000035e+04 -2.658366202666666504e+04 3.287399116384116496e+03 8.448037164166667168e+00 1.324923651083333320e+00 1.092370933983333409e+07 7.862212955833333544e+06 4.697448114666666186e+01
        redesign_dl_10.0_55769.dat 1.135938858558519282e+00 7.153494495499999051e-01 1.185525219850000212e+04 1.325721889233333286e+03 9.954946596333334341e+00 1.524772425316666486e+05 1.329765953377626647e+04 -1.297550207966571861e+03 1.210763028416666566e+04 -1.183238145083333438e+04 -2.590710299666666469e+04 3.262567887784136929e+03 7.877487231745001317e+00 1.258990726916666691e+00 1.100506468133333325e+07 7.973012357333333232e+06 4.706523917666666534e+01
         redesign_dl_11.0_2336.dat 4.908731885330740674e+00 7.572899504166666906e-01 1.320326242300000013e+04 1.252645238249999920e+03 1.101620893200000140e+01 1.451679720216666465e+05 1.581110332967271097e+04 -6.444456225995884324e+02 1.328930494466666642e+04 -1.318141609633333428e+04 -2.425978899050000109e+04 3.641858864662199721e+03 5.638376965128250262e+00 1.004752626920000003e+00 1.225910125033333339e+07 9.323739172499999404e+06 4.734150831666666903e+01
        redesign_dl_11.0_40743.dat 5.121424006772937965e+00 7.664108794833333071e-01 1.347577823199999875e+04 1.278493341416666681e+03 1.119093090316666839e+01 1.485498247266666731e+05 1.621397105792216462e+04 -1.294034215880383556e+02 1.366547329549999813e+04 -1.345091317333333427e+04 -2.467861994250000498e+04 3.774162261814700287e+03 5.446802404850717316e+00 9.858276412283332180e-01 1.251001918633333407e+07 9.603354021999999881e+06 4.736934588833333493e+01
        redesign_dl_11.0_45626.dat 5.328023128202613812e+00 7.640453659000001618e-01 1.340425959500000135e+04 1.256877763500000356e+03 1.122082083799999985e+01 1.456495454150000005e+05 1.579047331258799750e+04 -7.322236157244250307e+02 1.352262010800000098e+04 -1.338220661683333310e+04 -2.432744006333333527e+04 3.720929348964226847e+03 5.394649530001471405e+00 9.814146808666667221e-01 1.244595634383333288e+07 9.531526479000000283e+06 4.732137872166666170e+01
        redesign_dl_11.0_52870.dat 4.402495889529522977e+00 7.672114403666666638e-01 1.347227010033333318e+04 1.311081657500000119e+03 1.094895240650000012e+01 1.529382935200000065e+05 1.653652340155968341e+04 5.149240755219655057e+02 1.355203270166666880e+04 -1.345074826166666753e+04 -2.544398992866666595e+04 3.745072882242583546e+03 5.831219090665279658e+00 1.031670929716666851e+00 1.250953348333333246e+07 9.607934926000000909e+06 4.726159871666666845e+01
        redesign_dl_11.0_52899.dat 4.039444325235315603e+00 7.466298851999999542e-01 1.292060584833333451e+04 1.271489978316666793e+03 1.124675832333333148e+01 1.472188345383333508e+05 1.530565039169699958e+04 -6.853162963411166402e+02 1.315830819733333556e+04 -1.289982815833333370e+04 -2.465284868233333327e+04 3.558036033596917150e+03 6.157874436324199507e+00 1.066203235200000154e+00 1.199771963849999942e+07 9.005808151166666299e+06 4.727557552833332721e+01
         redesign_dl_11.0_8564.dat 3.240698210496963494e+00 7.400406945833333250e-01 1.259437372499999947e+04 1.298773333866666462e+03 1.076246280049999804e+01 1.507789476283333497e+05 1.506836433050666710e+04 -1.516614671633332989e+02 1.273165211516666568e+04 -1.257320004199999858e+04 -2.522138252283332986e+04 3.557223840902899155e+03 6.667750570228999862e+00 1.122622906683333532e+00 1.169357775349999964e+07 8.740845270666666329e+06 4.724641103333333092e+01
        redesign_dl_12.0_15536.dat 7.231974706815270437e+00 7.683170900166668149e-01 1.360978775316666724e+04 1.164276497500000232e+03 1.199885920300000031e+01 1.346314257766666415e+05 1.583999261778173786e+04 -1.315225804316333097e+03 1.364822442833333298e+04 -1.358671771166666622e+04 -2.235021007316666874e+04 3.713497381264417072e+03 4.221399399406716491e+00 8.412575118670885255e-01 1.263592425500000082e+07 9.715636068166667596e+06 4.755365654499999550e+01
        redesign_dl_12.0_22441.dat 7.143759471524705695e+00 7.728594231166666662e-01 1.378848702083333046e+04 1.194045536833333244e+03 1.220342107316666436e+01 1.384665586250000051e+05 1.630155277820776791e+04 -7.701269032138347939e+02 1.400233952166666859e+04 -1.376411456666666527e+04 -2.283262029733333475e+04 3.807045754782333461e+03 4.235651678708597601e+00 8.442431506616500103e-01 1.280138047833333351e+07 9.893513765000000596e+06 4.755825230000000658e+01
        redesign_dl_12.0_32293.dat 6.794749960767693331e+00 7.649231250333332621e-01 1.363249129866666772e+04 1.186006440199999815e+03 1.200754696699999968e+01 1.366533919750000059e+05 1.559875215629900049e+04 -1.704737625086914932e+03 1.387564303033333636e+04 -1.360893666283333550e+04 -2.273289040449999811e+04 3.778369933564816620e+03 4.489816644734545115e+00 8.756684942433332619e-01 1.265724748049999960e+07 9.702141566666666418e+06 4.746165241999999296e+01
        redesign_dl_12.0_41120.dat 7.409121285984754834e+00 7.735299618166665558e-01 1.379481229266666560e+04 1.179232535033333306e+03 1.207909378099999920e+01 1.375695098933333356e+05 1.695375166453451675e+04 3.013046877680316129e+02 1.423339667166666550e+04 -1.377607296833333385e+04 -2.263330706550000104e+04 3.831591677505099597e+03 4.119249328066188376e+00 8.300499950466665444e-01 1.281316691166666709e+07 9.910099055166667327e+06 4.769077375666666541e+01
        redesign_dl_12.0_46290.dat 6.395515843359440566e+00 7.685421808166666979e-01 1.374229039949999969e+04 1.215489913266666690e+03 1.219856636016666940e+01 1.409390118616666587e+05 1.635456261151195031e+04 -7.067641615328716398e+02 1.399502001683333583e+04 -1.371877279333333172e+04 -2.327077913183332930e+04 3.774401019907583304e+03 4.648307514801967244e+00 8.921102166076316786e-01 1.275936841100000031e+07 9.815563478000000119e+06 4.741350999500000540e+01
        redesign_dl_12.0_60415.dat 5.837561524270133084e+00 7.711847269333333976e-01 1.372307591916666388e+04 1.261408973450000076e+03 1.179380181849999865e+01 1.463851539316666604e+05 1.621160094441056026e+04 -4.375527992292501267e+02 1.397670035000000280e+04 -1.370077757333333284e+04 -2.434512129166666637e+04 3.810136494695824695e+03 5.122647232158216823e+00 9.497008071650000494e-01 1.274264427333333343e+07 9.830735185166666284e+06 4.737909777333332784e+01
        redesign_dl_13.0_21716.dat 9.214716734844648371e+00 7.713625782333332070e-01 1.377682278100000076e+04 1.082542853216666799e+03 1.277790177916666714e+01 1.255995920800000022e+05 1.642449014421833272e+04 -1.098497892510916472e+03 1.407233101666666516e+04 -1.375841812333333473e+04 -2.048209740649999731e+04 3.835540617909649882e+03 3.095257479980906279e+00 7.051706965037267683e-01 1.279637249000000022e+07 9.871419483833333477e+06 4.786661193333333131e+01
        redesign_dl_13.0_40322.dat 9.833339565666666005e+00 7.738383070666666752e-01 1.391329064283333173e+04 1.053316760633333388e+03 1.313414460183333254e+01 1.223191632699999900e+05 1.658107880543309875e+04 -1.115074416458483483e+03 1.414011621333333460e+04 -1.389638198499999999e+04 -1.997396571183333435e+04 3.849148640858100407e+03 2.764713237823266834e+00 6.708584445843331912e-01 1.292449326500000060e+07 9.999995842333333567e+06 4.791075181666666793e+01
        redesign_dl_13.0_43619.dat 1.012559499146666653e+01 7.736314942166666597e-01 1.391855178850000084e+04 1.034900429883333345e+03 1.302869859283333476e+01 1.205496383933333273e+05 1.715209604243663489e+04 -5.737233029656798635e+02 1.427580567833333225e+04 -1.390182099500000004e+04 -1.966601590000000579e+04 3.847845337451100932e+03 2.714111961406350026e+00 6.624425189146733173e-01 1.292990495833333395e+07 1.000000048316666670e+07 4.789668850333333694e+01
        redesign_dl_13.0_47165.dat 9.180150688254336444e+00 7.735223466500000811e-01 1.391355285183333581e+04 1.082693284066666592e+03 1.316047969399999928e+01 1.257813484616666829e+05 1.658609309074713383e+04 -1.012879923968419916e+03 1.409817914000000019e+04 -1.389030472833333442e+04 -2.049492287283333280e+04 3.807935019468567134e+03 3.055539279010749620e+00 7.034993265872933055e-01 1.291865526500000060e+07 9.990153809000000358e+06 4.782841309499999483e+01
        redesign_dl_13.0_47952.dat 1.002065080883333437e+01 7.737775917999999420e-01 1.391230917283333292e+04 1.038388923966666653e+03 1.303815193316666665e+01 1.214454104350000125e+05 1.711253287353126507e+04 -2.550815345654499140e+02 1.413885505000000012e+04 -1.389914383333333353e+04 -1.964428554941316906e+04 3.843884222689783655e+03 2.583986906298999742e+00 6.482721335662166018e-01 1.292699733000000007e+07 9.999999268333332613e+06 4.804054706333333513e+01
        redesign_dl_13.0_50292.dat 8.719382707921150555e+00 7.737164477666667040e-01 1.390849716466666723e+04 1.115428846016666739e+03 1.282385642316666541e+01 1.300896773350000003e+05 1.702739174485893454e+04 -2.695225717877834768e+02 1.424952244000000246e+04 -1.388885262000000148e+04 -2.114268261333333430e+04 3.852959393602816817e+03 3.299823524366724659e+00 7.322888664590216923e-01 1.291774866333333403e+07 9.992585549833333120e+06 4.779775097500000669e+01
        redesign_dl_14.0_14324.dat 1.233884691366666786e+01 7.738068868999999905e-01 1.390418077649999941e+04 9.323333062000000382e+02 1.425227885650000204e+01 1.101711565733333264e+05 1.814047072149714586e+04 3.047625567975165950e+02 1.412248300000000017e+04 -1.389881389666666655e+04 -1.737885341632033305e+04 3.818434766901999865e+03 1.428605508936981572e+00 5.051638882759350579e-01 1.292660116333333403e+07 9.999997287000000477e+06 4.838230248666666711e+01
        redesign_dl_14.0_26862.dat 1.152896285700988876e+01 7.736738113499997960e-01 1.390652047249999850e+04 9.795787258833332771e+02 1.404306677816666848e+01 1.157770751149999705e+05 1.827538308452667115e+04 5.694728281242500998e+02 1.416695467666666991e+04 -1.389721538166666687e+04 -1.828942855116666396e+04 3.782496019187799902e+03 1.924677816072100089e+00 5.643496828644316565e-01 1.292515208833333291e+07 9.997621431666666642e+06 4.827220214333333104e+01
        redesign_dl_14.0_47824.dat 1.051849350714753584e+01 7.736478675000001415e-01 1.387836799599999904e+04 1.026455864483333244e+03 1.388805723333333120e+01 1.199629692166666500e+05 1.709822951575193292e+04 -5.101517747734167187e+02 1.419720636999999806e+04 -1.386339675666666699e+04 -1.915064951266666321e+04 3.784269207413166441e+03 2.246888019541767090e+00 6.036557588419251275e-01 1.289403093666666746e+07 9.973441253333333880e+06 4.807762180499999261e+01
        redesign_dl_14.0_51321.dat 1.204386560200000034e+01 7.737265298500000110e-01 1.391285135283333511e+04 9.447374220000001515e+02 1.414958684216666462e+01 1.110568489133333351e+05 1.748086237184168203e+04 -3.852542746226833401e+02 1.404291270000000077e+04 -1.390106729833333338e+04 -1.758419665733333386e+04 3.797778042861616541e+03 1.615913331933316766e+00 5.273723425845869839e-01 1.292848402500000037e+07 1.000000036866666749e+07 4.829399496833333671e+01
        redesign_dl_14.0_52263.dat 1.210743299250000149e+01 7.737930207499998936e-01 1.390965741816666923e+04 9.469858187833334568e+02 1.384469782183333564e+01 1.110680350883333303e+05 1.770189980417039988e+04 -3.426607678043933447e+02 1.424715776999999616e+04 -1.389794518333333326e+04 -1.774310967299999902e+04 3.800294578795449979e+03 1.634151445350416898e+00 5.304542951620889735e-01 1.292613043500000052e+07 1.000000309899999946e+07 4.830040231333332912e+01
        redesign_dl_14.0_55769.dat 1.242662573233333134e+01 7.736369590500000726e-01 1.391844607033333341e+04 9.268310570833332349e+02 1.398307057083333227e+01 1.082539129800000228e+05 1.696027291231033450e+04 -1.061727180659416717e+03 1.422319785333333675e+04 -1.390291313833333334e+04 -1.719243172735000189e+04 3.790203387377683612e+03 1.367384756552433078e+00 4.955747292891699574e-01 1.293076187833333388e+07 1.000000319749999978e+07 4.839006325666667152e+01
         redesign_dl_15.0_2336.dat 1.478451191699999789e+01 7.737409539166666406e-01 1.391083156099999906e+04 8.383356382833333100e+02 1.501239867766666691e+01 9.945513545833333046e+04 1.812421190272699823e+04 -1.918207615701734312e+02 1.408390236666666715e+04 -1.390124606999999924e+04 -1.524639540052116718e+04 3.749161329011782527e+03 3.978824108107999469e-01 3.739647971703249363e-01 1.292863324000000022e+07 1.000000517616666667e+07 4.869022522666666219e+01
        redesign_dl_15.0_40743.dat 1.513991388449999853e+01 7.738041054333333335e-01 1.390895054816666925e+04 8.289336133333333692e+02 1.519937497633333123e+01 9.847559850333334180e+04 1.847240745053478531e+04 -1.551584901976489128e+01 1.417053045333333648e+04 -1.389914707500000077e+04 -1.500160294454150244e+04 3.752910433537394965e+03 2.133190718403999708e-01 3.509270674293044623e-01 1.292693009833333269e+07 1.000000506766666658e+07 4.873115628166665658e+01
        redesign_dl_15.0_45626.dat 1.501762052533333325e+01 7.737876376333334694e-01 1.390331500383333514e+04 8.376402367333332677e+02 1.523721741149999787e+01 9.931321493833333079e+04 1.802182185870383182e+04 -3.994657850464332682e+02 1.408562740166666481e+04 -1.389953587166666512e+04 -1.517069105438999941e+04 3.730675757896636242e+03 3.538524321453999089e-01 3.689832645553460244e-01 1.292720185166666657e+07 9.999993145166667178e+06 4.866096930833334255e+01
        redesign_dl_15.0_52870.dat 1.475729648216666767e+01 7.737617784333332693e-01 1.390819081649999862e+04 8.339840060499999481e+02 1.496977372133333439e+01 9.938293987666665635e+04 1.859010039042833159e+04 3.897648919369549958e+02 1.404077860833333398e+04 -1.390071780166666758e+04 -1.522848123498200221e+04 3.759935254296733547e+03 3.694452133388533843e-01 3.709938830990299752e-01 1.292800701166666672e+07 1.000000398266666755e+07 4.873734996333333669e+01
        redesign_dl_15.0_52899.dat 1.420686903866666562e+01 7.738201878999998451e-01 1.390587990466666815e+04 8.649616417333332947e+02 1.525716104400000006e+01 1.023809979299999832e+05 1.803010069592153377e+04 -3.177533853057166766e+02 1.421524761333333299e+04 -1.389801025333333200e+04 -1.574068006101900210e+04 3.763946465640249244e+03 6.720782524519666179e-01 4.090415494609188629e-01 1.292613555333333276e+07 9.999996250333333388e+06 4.852832092166666200e+01
         redesign_dl_15.0_8564.dat 1.352416156799999847e+01 7.737699500166667077e-01 1.390550587933333190e+04 8.975217695166667227e+02 1.470825045133333120e+01 1.063867851233333495e+05 1.803037876054016670e+04 1.503440662575650606e+02 1.410161109000000215e+04 -1.389896805166666672e+04 -1.647751373553166923e+04 3.774059550799670433e+03 9.474850985763133560e-01 4.426223205247816761e-01 1.292666010833333246e+07 9.999996302666665986e+06 4.850182080166666765e+01
        redesign_dl_16.0_21716.dat 1.567787120883333429e+01 7.736515838166666548e-01 1.391670521883333276e+04 8.135113350833333925e+02 1.578518717999999765e+01 9.630032808666667552e+04 1.821023365553381518e+04 -6.767120861773332763e+02 1.424655793333333349e+04 -1.390428415666666660e+04 -1.452040894047050097e+04 3.733690686488266692e+03 -1.316752884155833470e-01 3.066718516860350019e-01 1.293195338000000082e+07 1.000000871800000034e+07 4.874497602666666296e+01
        redesign_dl_16.0_40322.dat 1.587232357833333651e+01 7.738425921833333998e-01 1.390680431916666566e+04 8.066884959999999865e+02 1.614435192049999657e+01 9.560879571166666574e+04 1.822519526304252940e+04 -6.188311930892699593e+02 1.417668558833333191e+04 -1.389790421999999671e+04 -1.437224820962778540e+04 3.721154322451665848e+03 -1.399956792864316679e-01 3.066744040089635082e-01 1.292582735166666657e+07 1.000000623433333263e+07 4.871686705666667194e+01
        redesign_dl_16.0_43619.dat 1.611846702666666786e+01 7.736817550333335847e-01 1.390400993566666875e+04 7.950580118833332790e+02 1.604728388366666536e+01 9.482735349999999744e+04 1.895582310136321757e+04 -3.840184472445333341e+01 1.430561089999999967e+04 -1.390283107833333088e+04 -1.423573119521833178e+04 3.738057819706316877e+03 -1.901305018449066242e-01 2.997481768798149759e-01 1.293085848166666739e+07 9.999995312000000849e+06 4.878346016499999394e+01
        redesign_dl_16.0_47165.dat 1.553262261300000091e+01 7.736971974499999849e-01 1.390823441733333311e+04 8.129780466666667280e+02 1.616777147699999873e+01 9.654064331333331938e+04 1.817768663281167028e+04 -5.328701748166650987e+02 1.413838801666666586e+04 -1.390265598833333206e+04 -1.451050535464583481e+04 3.763982873953091712e+03 -4.104430435765328566e-02 3.187976385308799454e-01 1.293022489499999955e+07 9.999998843166666105e+06 4.873121545000000054e+01
        redesign_dl_16.0_47952.dat 1.604872927166666585e+01 7.737535698499999892e-01 1.390459621366666761e+04 7.943385866833333466e+02 1.607982147583333088e+01 9.515032987499999581e+04 1.877599517073300376e+04 2.475517512533332933e+02 1.416438257333333422e+04 -1.390199826999999823e+04 -1.413029765989383486e+04 3.721670132039200325e+03 -2.261494056849583378e-01 2.955852268126598070e-01 1.292961495333333313e+07 9.999998845833333209e+06 4.886112071333332807e+01
        redesign_dl_16.0_50292.dat 1.530409250666666665e+01 7.737862707666667283e-01 1.390761976583333490e+04 8.255962672000000566e+02 1.580851841000000135e+01 9.817568904666666640e+04 1.866914788545526608e+04 -3.600861030184992728e+01 1.428909917333333033e+04 -1.389924409333333460e+04 -1.477834990662056771e+04 3.733315933418532495e+03 2.805334186215028766e-02 3.275970392531693531e-01 1.292733780166666582e+07 1.000000837716666609e+07 4.871696715833333968e+01
        redesign_dl_17.0_14324.dat 1.756832278166666583e+01 7.737751600333334645e-01 1.389880912166666712e+04 7.484138011333334362e+02 1.725278023833333307e+01 9.108060003333333589e+04 1.993567708558896629e+04 1.093183161441283119e+03 1.416447386666666716e+04 -1.390182321166666588e+04 -1.293071468168356841e+04 3.680564529020266946e+03 -8.796890845647616919e-01 2.122377019466133719e-01 1.292934360999999940e+07 9.999997797666667029e+06 4.907460265166667313e+01
        redesign_dl_17.0_26862.dat 1.706980126316666713e+01 7.737318165166667816e-01 1.389980314199999884e+04 7.701854632833333199e+02 1.702306165666666615e+01 9.373031894499999180e+04 2.005702760193543509e+04 1.330898292573583149e+03 1.420447731166666745e+04 -1.390115109999999731e+04 -1.346452256184049656e+04 3.695084991563416679e+03 -5.849872289186474061e-01 2.493402135846886636e-01 1.292881468666666746e+07 9.999999455499999225e+06 4.896138853833333116e+01
        redesign_dl_17.0_47824.dat 1.644216207533333574e+01 7.737613218000001236e-01 1.390444915483333352e+04 7.900455151333331969e+02 1.688125153483333563e+01 9.459704612300000736e+04 1.870702085302510750e+04 2.744066890005003501e+01 1.425423700333333363e+04 -1.390063418500000080e+04 -1.379552905372811620e+04 3.708956035649583555e+03 -5.255658192376166937e-01 2.573009098012420393e-01 1.292859747333333269e+07 9.999999955499999225e+06 4.885307743333333974e+01
        redesign_dl_17.0_51321.dat 1.739797588333333778e+01 7.737236434000001051e-01 1.390599990283333500e+04 7.524890227833333256e+02 1.715608051883333118e+01 9.100522123666667903e+04 1.900055857403033588e+04 3.510439762032166300e+02 1.406636668833333533e+04 -1.390350443333333351e+04 -1.314793011610966641e+04 3.718388443376106352e+03 -7.222274085695434831e-01 2.318526191954317084e-01 1.293069140499999933e+07 1.000000081083333306e+07 4.899958340499998855e+01
        redesign_dl_17.0_52263.dat 1.742934828833333327e+01 7.737991694999999392e-01 1.389810885416666497e+04 7.566663873499999227e+02 1.683504102666666569e+01 9.120390748666666332e+04 1.948902393644091353e+04 4.140186659600368557e+02 1.428624376666666467e+04 -1.389952114333333157e+04 -1.322279519952333430e+04 3.703088294049183332e+03 -7.243629933513665575e-01 2.318232812334966864e-01 1.292763879666666687e+07 1.000000269150000066e+07 4.896044004333333532e+01
        redesign_dl_17.0_55769.dat 1.773138473666666570e+01 7.736212431500001374e-01 1.390760742183333423e+04 7.390976811166666494e+02 1.699917173083333211e+01 8.855670880537500489e+04 1.853466853509344583e+04 -4.161404584587167506e+02 1.424232389833333218e+04 -1.390596045833333483e+04 -1.277428887795209994e+04 3.704396039798118636e+03 -9.802180085209416527e-01 1.991105948276423454e-01 1.293363713333333284e+07 9.999995664499999955e+06 4.903712201833332784e+01
         redesign_dl_18.0_2336.dat 1.955678524166666676e+01 7.737117896666665384e-01 1.390234863633333407e+04 6.929758155166666711e+02 1.800964743000000112e+01 8.497327502815001935e+04 1.980992583776557149e+04 6.973422394769835364e+02 1.412651561666666748e+04 -1.390384150000000045e+04 -1.164382432477010116e+04 3.671322527098449427e+03 -1.532268424078373270e+00 1.288147210295280121e-01 1.293117817166666687e+07 9.999997298166666180e+06 4.921389600666665842e+01
        redesign_dl_18.0_40743.dat 1.986796367333333180e+01 7.737557314666666519e-01 1.389377363800000239e+04 6.878502758500000027e+02 1.820458536616666478e+01 8.459845911810001417e+04 2.023533616667073147e+04 8.729021869727998819e+02 1.419994448666666722e+04 -1.390214753000000201e+04 -1.146759622425373345e+04 3.679340186527750120e+03 -1.730261068462799701e+00 1.035001634552758509e-01 1.292986804666666687e+07 9.999991440166667104e+06 4.923976587500000335e+01
        redesign_dl_18.0_45626.dat 1.977117224000000206e+01 7.737521271499999687e-01 1.390893327566666630e+04 6.964400880000000598e+02 1.825360697783333563e+01 8.548033762666667462e+04 1.969872452549275476e+04 5.283959243116132711e+02 1.411327675833333342e+04 -1.390292915833333609e+04 -1.162070528343266778e+04 3.631642123651516613e+03 -1.584451179249301900e+00 1.219034767612774822e-01 1.293013301333333366e+07 1.000000835316666588e+07 4.918484562500000123e+01
        redesign_dl_18.0_52870.dat 1.952758832499999997e+01 7.737067680666667169e-01 1.390575028633333204e+04 6.892108119666667108e+02 1.798050562733333280e+01 8.491685441233334132e+04 2.033849017339324928e+04 1.250268394040600015e+03 1.406910100000000239e+04 -1.390464547833333381e+04 -1.158974432951435301e+04 3.657601548068900229e+03 -1.585201263671967009e+00 1.222528982401843434e-01 1.293152602500000037e+07 1.000001378566666692e+07 4.929079923999999835e+01
        redesign_dl_18.0_52899.dat 1.909772299166666798e+01 7.737981629000000305e-01 1.389961455999999816e+04 7.095971996000000672e+02 1.826525063783333636e+01 8.684530365499998152e+04 1.984616451146678082e+04 5.830498457298165249e+02 1.425230147500000021e+04 -1.390031135833333610e+04 -1.192396291863500119e+04 3.670051439924400256e+03 -1.443464350537373209e+00 1.395997527324866760e-01 1.292826418333333358e+07 9.999998420666666701e+06 4.913867543833333684e+01
         redesign_dl_18.0_8564.dat 1.855672310499999966e+01 7.737964804166665989e-01 1.389941875216666813e+04 7.287931584666666822e+02 1.767027453766666412e+01 8.904882338666664145e+04 1.970866884426073011e+04 9.101341699213668335e+02 1.412872266666666656e+04 -1.390027315499999713e+04 -1.240352930482619922e+04 3.683287598769716624e+03 -1.218119427527196930e+00 1.685899750943053166e-01 1.292783121833333373e+07 9.999999743499999866e+06 4.911643451833334950e+01
        redesign_dl_19.0_21716.dat 2.032215115666666705e+01 7.736066533166666703e-01 1.390875427266666702e+04 6.791685949499999424e+02 1.879057382166666557e+01 8.320569219398332643e+04 2.006322287599306947e+04 2.709822405383000614e+02 1.427887795000000187e+04 -1.390839529333333303e+04 -1.107485876722611647e+04 3.632937076827599412e+03 -1.982632070364828136e+00 7.195191438849832255e-02 1.293575666666666605e+07 1.000000696566666663e+07 4.925789065166667058e+01
        redesign_dl_19.0_40322.dat 2.043095759000000200e+01 7.738224866000000812e-01 1.390135205266666344e+04 6.783933794833333195e+02 1.915662899666666519e+01 8.327808037683332805e+04 2.002455096251629948e+04 3.186825258412166022e+02 1.420512831333333270e+04 -1.390013667166666528e+04 -1.103487457316083055e+04 3.621787435073718370e+03 -1.952600061100870255e+00 7.524223641269665863e-02 1.292792986833333410e+07 9.999998371833333746e+06 4.922089873166667218e+01
        redesign_dl_19.0_43619.dat 2.062608533166666902e+01 7.736040916499999920e-01 1.390599570933333234e+04 6.730022755500000358e+02 1.906015768333333682e+01 8.300447942111332668e+04 2.088872999547655490e+04 8.825713213508614672e+02 1.434006344166666349e+04 -1.390755717833333438e+04 -1.104987759946162987e+04 3.642075023898306426e+03 -1.903935705445806814e+00 8.203499070477267285e-02 1.293511538333333284e+07 1.000000801999999955e+07 4.923660831499999802e+01
        redesign_dl_19.0_47165.dat 2.014043831499999726e+01 7.736469182499999819e-01 1.390514659849999953e+04 6.817414815999999291e+02 1.917263463000000101e+01 8.387802908746499452e+04 1.995149276642861514e+04 4.205771374076100528e+02 1.416438244333333205e+04 -1.390650915499999974e+04 -1.110069486477534156e+04 3.601930448713967053e+03 -1.876623285248974815e+00 8.521578075376433359e-02 1.293372107333333418e+07 1.000000160316666588e+07 4.928459843666666984e+01
        redesign_dl_19.0_47952.dat 2.062130664666666391e+01 7.736660371499999300e-01 1.390482615649999752e+04 6.673917355500000212e+02 1.911823838000000464e+01 8.274862993617333996e+04 2.046219456445816832e+04 1.022241723688766342e+03 1.418204267833333324e+04 -1.390666143000000011e+04 -1.082370083543547480e+04 3.617054917588866829e+03 -2.028037822347422914e+00 6.596346854329432352e-02 1.293389686999999918e+07 9.999975388333333656e+06 4.932475884333332772e+01
        redesign_dl_19.0_50292.dat 1.993757554499999785e+01 7.737003478499999698e-01 1.389841579583333441e+04 6.895893015500000729e+02 1.879532407166666985e+01 8.491973906366668234e+04 2.056282600200317029e+04 8.308708207553501097e+02 1.432292340499999955e+04 -1.390332812500000000e+04 -1.134569448587733132e+04 3.654359153679113660e+03 -1.817883834534099963e+00 9.235471106729935264e-02 1.293125243166666664e+07 9.999994458166666329e+06 4.920844639166667633e+01
        redesign_dl_20.0_14324.dat 2.184608498833333101e+01 7.736915326833334605e-01 1.389190277766666804e+04 6.421051103666667359e+02 2.025441554500000052e+01 8.137999030554499768e+04 2.181682971397672009e+04 2.041769370157983076e+03 1.419323091666666733e+04 -1.390666407166666795e+04 -9.977990365175000989e+03 3.551895834289383401e+03 -2.487778413601382077e+00 7.890172843954663950e-03 1.293384024499999918e+07 9.999996492499999702e+06 4.954959496000000030e+01
        redesign_dl_20.0_26862.dat 2.141506349666666509e+01 7.737001042333333523e-01 1.389325430100000085e+04 6.567385703500000318e+02 2.000606633333333306e+01 8.325613350666666520e+04 2.212126654204950319e+04 2.404018343206706049e+03 1.423768798666666589e+04 -1.390427422500000284e+04 -1.046075330290341662e+04 3.609879251630371982e+03 -2.253594807051309878e+00 3.697578677070999936e-02 1.293165283500000089e+07 1.000000103233333305e+07 4.949391330166667302e+01
        redesign_dl_20.0_47824.dat 2.088284826999999666e+01 7.737023562999998383e-01 1.389945543883333448e+04 6.690175301333332527e+02 1.987304275833333378e+01 8.310974000222668110e+04 2.057254759075033508e+04 9.551478119400994728e+02 1.428220857333333333e+04 -1.390443635166666536e+04 -1.062200242762749986e+04 3.601497220705633936e+03 -2.261571163336709933e+00 3.629565051805250936e-02 1.293209635833333246e+07 1.000000254483333416e+07 4.935923368833333313e+01
        redesign_dl_20.0_51321.dat 2.172282227333333537e+01 7.736626734833333963e-01 1.389835084466666740e+04 6.428304149333332589e+02 2.016251241999999877e+01 8.089566564050732995e+04 2.065095948041928568e+04 1.339882895651760236e+03 1.407938603500000318e+04 -1.390747669833333384e+04 -1.024422553897905163e+04 3.639969418186666644e+03 -2.337624416425638341e+00 2.713876460832799833e-02 1.293438992666666582e+07 9.999994824166666716e+06 4.946166416833334267e+01
        redesign_dl_20.0_52263.dat 2.172171731166666575e+01 7.737346090666666898e-01 1.389394307483333068e+04 6.485937139499999375e+02 1.982613443333333336e+01 8.131135569086000032e+04 2.141458817762654871e+04 1.413252246673821446e+03 1.431737220166666521e+04 -1.390324048166666580e+04 -1.031978582302183349e+04 3.608356732538849883e+03 -2.336877637591111778e+00 2.611718043227316891e-02 1.293110032000000030e+07 9.999997900666667148e+06 4.942880548333333479e+01
        redesign_dl_20.0_55769.dat 2.202491666666666603e+01 7.735529127833332685e-01 1.390871068116666720e+04 6.331812599833333479e+02 2.000971043666666915e+01 7.882934805906900147e+04 2.025895116728041467e+04 4.751797593486684264e+02 1.425597799166666664e+04 -1.391129449833333274e+04 -9.913625329263650201e+03 3.620388585762583261e+03 -2.609361479768404823e+00 -6.436307728508329669e-03 1.293846612500000000e+07 1.000000077266666666e+07 4.948487628666666893e+01
         redesign_dl_21.0_2336.dat 2.359750674666666370e+01 7.736412609500001869e-01 1.389795462233333456e+04 6.057976178000000118e+02 2.100527660000000196e+01 7.766723322719499993e+04 2.165457120743282940e+04 1.706036918501033369e+03 1.414877831166666874e+04 -1.390836637666666502e+04 -9.114147808564983279e+03 3.548200123292899661e+03 -2.974533564912323236e+00 -5.259968438166699733e-02 1.293530152833333425e+07 9.999998314999999478e+06 4.963991327499999784e+01
        redesign_dl_21.0_40743.dat 2.390458728999999849e+01 7.737026553333331558e-01 1.389407239699999809e+04 6.017507524000000103e+02 2.120854349499999358e+01 7.749555337667667482e+04 2.223839676117983254e+04 1.923491302216099712e+03 1.422176198500000282e+04 -1.390591953833333173e+04 -8.984110676974567468e+03 3.584767553766233505e+03 -3.171744267525264949e+00 -7.761911014530117892e-02 1.293325052333333343e+07 9.999999073166666552e+06 4.966412872666666800e+01
        redesign_dl_21.0_45626.dat 2.381674801333333491e+01 7.737000153000000990e-01 1.390869576000000052e+04 6.098252705999999534e+02 2.126851021999999958e+01 7.819113576376295532e+04 2.141618550500366837e+04 1.514721840716885026e+03 1.412901256499999909e+04 -1.390759556166666698e+04 -9.114976960668444008e+03 3.521649069908984984e+03 -3.005383590649583603e+00 -5.799503149735914936e-02 1.293428450666666590e+07 1.000001377416666597e+07 4.962045146833332865e+01
        redesign_dl_21.0_52870.dat 2.359435038166667198e+01 7.736422922166666938e-01 1.390317086716666563e+04 6.011319738000000825e+02 2.098868080000000091e+01 7.734517242975148838e+04 2.215348505013033719e+04 2.169732935570116751e+03 1.408466815166666856e+04 -1.390960071833333132e+04 -9.052380083963016659e+03 3.551079246964116010e+03 -3.065321394740885275e+00 -6.385264307565499675e-02 1.293610017999999970e+07 1.000001409533333406e+07 4.968768431833333210e+01
        redesign_dl_21.0_52899.dat 2.320552353666666434e+01 7.737237093499998997e-01 1.389671628983333540e+04 6.167315110166667864e+02 2.127137927333333067e+01 7.868882438271999126e+04 2.168528762477700002e+04 1.588555954357950213e+03 1.427441264000000228e+04 -1.390459651999999915e+04 -9.276736599126499641e+03 3.552628865214249799e+03 -2.977536191507659691e+00 -5.421081784073399773e-02 1.293210144833333418e+07 1.000000344383333251e+07 4.957324317500000177e+01
         redesign_dl_21.0_8564.dat 2.269329232166666444e+01 7.737583275666666260e-01 1.389926566549999916e+04 6.313898674999999230e+02 2.063836335166666558e+01 8.039910040286665026e+04 2.159136583952769797e+04 1.850748466719217049e+03 1.415610492000000158e+04 -1.390347125833333303e+04 -9.715273343761666183e+03 3.580178018288548628e+03 -2.738327327258551769e+00 -2.381800915562999610e-02 1.293059601500000060e+07 1.000001144483333267e+07 4.959321233166666332e+01
        redesign_dl_22.0_21716.dat 2.430227877333333097e+01 7.735451419500000148e-01 1.390527167399999962e+04 5.963902119666666977e+02 2.179241624333333505e+01 7.636298781463333580e+04 2.195027417167792373e+04 1.251276572999183145e+03 1.429404208166666831e+04 -1.391368708499999775e+04 -8.645925106342783693e+03 3.524595677316418005e+03 -3.407417540786616961e+00 -1.056040236180186692e-01 1.294065223333333246e+07 1.000000122033333406e+07 4.967452865500000314e+01
        redesign_dl_22.0_40322.dat 2.438840239500000351e+01 7.737368332166666418e-01 1.389404440283333497e+04 5.975833089499998323e+02 2.216966063166666601e+01 7.668516630843332678e+04 2.183337500549195101e+04 1.276527192239803526e+03 1.421939231000000109e+04 -1.390468747500000245e+04 -8.639007553116982308e+03 3.515886638129416042e+03 -3.341039876473540282e+00 -9.839093603590334802e-02 1.293207772833333351e+07 9.999995505166666582e+06 4.964845859666667138e+01
        redesign_dl_22.0_43619.dat 2.454574741333333421e+01 7.735130974999999687e-01 1.390020333949999986e+04 5.956080599666664739e+02 2.207113867666667062e+01 7.689251058673998341e+04 2.287685209034187574e+04 1.920883077938605311e+03 1.434873528833333512e+04 -1.391315607666666619e+04 -8.699909745575550915e+03 3.515687657988000410e+03 -3.273731075867566620e+00 -8.982039276988650067e-02 1.294022307000000030e+07 9.999999944166665897e+06 4.968115770833333045e+01
        redesign_dl_22.0_47165.dat 2.409456061833333251e+01 7.735630186000000963e-01 1.390987092789999951e+04 6.010548164000000497e+02 2.217761720666666392e+01 7.729706512629000645e+04 2.174948529859663176e+04 1.440185227146542729e+03 1.417434347166666521e+04 -1.391193137166666565e+04 -8.677626500636315541e+03 3.474384376872666508e+03 -3.264827457956349654e+00 -8.915274207033833942e-02 1.293856312500000000e+07 1.000000524316666648e+07 4.966453058999999115e+01
        redesign_dl_22.0_47952.dat 2.458071512000000070e+01 7.735868900999999243e-01 1.390406930083333282e+04 5.879167121499999666e+02 2.215394916666667058e+01 7.628424691872335097e+04 2.232248434860400084e+04 1.996153713144264884e+03 1.419134305666666660e+04 -1.391088412833333132e+04 -8.441553791654891029e+03 3.496165797350183766e+03 -3.397442510921831804e+00 -1.050951471837250073e-01 1.293883571666666679e+07 9.999110059833332896e+06 4.970826379833333419e+01
        redesign_dl_22.0_50292.dat 2.389738668166666713e+01 7.736225568166666955e-01 1.389175116416666788e+04 6.058027352499999552e+02 2.178139001166666944e+01 7.799971859607067017e+04 2.255935520817091310e+04 1.866545723321750302e+03 1.434032582499999990e+04 -1.390780764333333354e+04 -8.908392259939741052e+03 3.553146925757519966e+03 -3.227283314197800568e+00 -8.486232749317032531e-02 1.293537879833333381e+07 9.999994555666666478e+06 4.964431195166667266e+01
        redesign_dl_23.0_14324.dat 2.564012976333333427e+01 7.735569221166668230e-01 1.389775695149500098e+04 5.728790072053333233e+02 2.325650713499999966e+01 7.607855383130833798e+04 2.376126864679350183e+04 2.959510197422533111e+03 1.420235332500000004e+04 -1.391341575000000012e+04 -7.810059289053816428e+03 3.423442526899683799e+03 -3.771334705842133150e+00 -1.500570884233715097e-01 1.293994049000000022e+07 1.000000070133333281e+07 4.994090177333333003e+01
        redesign_dl_23.0_26862.dat 2.524197520999999966e+01 7.735975006499999918e-01 1.389111305033333338e+04 5.835124935666666488e+02 2.298937513166666946e+01 7.764887387149999267e+04 2.430720779175125062e+04 3.461404629551567723e+03 1.426110938833333239e+04 -1.390952113166666823e+04 -8.278055740031299138e+03 3.525750646208617127e+03 -3.537410873376149567e+00 -1.227453012525949877e-01 1.293639956333333254e+07 1.000000327216666751e+07 4.991044454166666355e+01
        redesign_dl_23.0_47824.dat 2.476436341333333147e+01 7.736269997166665968e-01 1.390243786211666884e+04 5.929482103683334344e+02 2.286434200666666428e+01 7.699920269235999149e+04 2.250489038847480333e+04 1.882971934717145132e+03 1.429905728666666801e+04 -1.390921254833333296e+04 -8.292411180869916279e+03 3.466707859607816772e+03 -3.627579729284146293e+00 -1.336062793286516837e-01 1.293638410333333351e+07 9.999989177166666836e+06 4.976066274000000078e+01
        redesign_dl_23.0_51321.dat 2.553792196000000203e+01 7.735681124666666797e-01 1.390204536941666629e+04 5.729961778499999809e+02 2.316762985833333488e+01 7.551755834897700697e+04 2.237389200743823312e+04 2.246834917456500079e+03 1.407667527166666696e+04 -1.391324426500000300e+04 -8.091755937811301010e+03 3.529279199595966929e+03 -3.600827899057223558e+00 -1.282210171559091949e-01 1.293949413166666590e+07 9.999973165333332494e+06 4.983020192500000434e+01
        redesign_dl_23.0_52263.dat 2.552823510000000340e+01 7.736392201666666413e-01 1.389426581533333410e+04 5.782666237166666861e+02 2.281806687666666633e+01 7.599748254457498842e+04 2.344619173463016705e+04 2.419648105825550374e+03 1.433075809666666828e+04 -1.390840087499999936e+04 -8.153794784837400584e+03 3.506082433532932100e+03 -3.615983374299733821e+00 -1.335237097367617531e-01 1.293568807499999925e+07 1.000000236066666618e+07 4.981251326333332941e+01
        redesign_dl_23.0_55769.dat 2.582780523166666953e+01 7.734381809166666066e-01 1.391449973016666809e+04 5.656529772666666531e+02 2.301800107499999726e+01 7.378654032971167180e+04 2.195903567635783475e+04 1.341353800826991346e+03 1.425972999733333199e+04 -1.391853867833333425e+04 -7.826767890597634505e+03 3.535054696772100215e+03 -3.895064918898518247e+00 -1.621113326696833612e-01 1.294502181499999948e+07 9.999979342000000179e+06 4.983418557499999935e+01
         redesign_dl_24.0_2336.dat 2.725022748499999992e+01 7.735797282333334302e-01 1.389888106060016617e+04 5.472670768033333388e+02 2.400512742833332780e+01 7.392588271560566500e+04 2.362990265908824949e+04 2.678810981182894920e+03 1.415060063833333334e+04 -1.391356133500000033e+04 -7.197138572843733527e+03 3.446620710214783685e+03 -4.163128477744200140e+00 -1.954355595694841907e-01 1.293981211999999918e+07 1.000000980700000003e+07 5.000110175833333415e+01
        redesign_dl_24.0_40743.dat 2.756263912833333052e+01 7.736715748166667073e-01 1.390225556855333161e+04 5.437237163150000470e+02 2.420722935333333226e+01 7.373542798217167729e+04 2.425880065636393556e+04 2.887043847977183304e+03 1.422577793333333466e+04 -1.391055048333333252e+04 -7.023962962584766501e+03 3.450645793073782897e+03 -4.356184265129905420e+00 -2.192238477676961561e-01 1.293719903666666709e+07 9.999984264499999583e+06 5.001150445999999761e+01
        redesign_dl_24.0_45626.dat 2.748915489166666859e+01 7.736033550499999967e-01 1.389964039533333198e+04 5.517301821000000928e+02 2.428534865500000706e+01 7.432024688328232151e+04 2.318356140237545333e+04 2.373257193530399945e+03 1.412400308500000028e+04 -1.391366775666666399e+04 -7.225410660751315845e+03 3.423454949787816986e+03 -4.136615281630583674e+00 -1.958552404760475485e-01 1.293993268999999948e+07 1.000000325766666606e+07 4.995997058000000379e+01
        redesign_dl_24.0_52870.dat 2.727263503500000041e+01 7.735237980499999333e-01 1.389400352833333454e+04 5.427827826833332665e+02 2.400089617833332767e+01 7.345599212282667577e+04 2.393962866055283666e+04 2.983122597679099727e+03 1.408433589833333281e+04 -1.391675798999999824e+04 -7.145945519649799280e+03 3.455788228738966609e+03 -4.241039927466766279e+00 -2.036531744196845295e-01 1.294276117833333276e+07 9.999967099500000477e+06 4.997841673166666965e+01
        redesign_dl_24.0_52899.dat 2.690967220000000282e+01 7.736193069666666977e-01 1.389690750775283414e+04 5.548626221949999717e+02 2.427858558166666469e+01 7.434424124718383246e+04 2.377661402576700129e+04 2.523266185247549856e+03 1.428625412333333043e+04 -1.391028912999999739e+04 -7.274934584847998849e+03 3.424392246080065433e+03 -4.212417380293083546e+00 -2.028201140387698442e-01 1.293729505666666664e+07 1.000000132399999909e+07 4.993894142333332553e+01
         redesign_dl_24.0_8564.dat 2.638700109333333188e+01 7.736949641166666058e-01 1.389790010083333254e+04 5.673663853833332951e+02 2.360336578333333435e+01 7.578816201269332669e+04 2.347062998868189243e+04 2.754122666382033003e+03 1.416355028999999740e+04 -1.390779143500000100e+04 -7.702862756016799722e+03 3.473487127816789780e+03 -3.956150108980701852e+00 -1.721769364673935154e-01 1.293448056333333254e+07 1.000001329250000045e+07 4.992296942500000512e+01
