Statistics: min. Generated: 11/11/2021 17:02:22. No. files: 120.
                              File                       4                      10                      11                      13                      15                      19                      20                      22                      23                      27                      28                      29                      63                      66                      72                     102                     110
        redesign_dl_05.0_21716.dat 5.349999999999999938e-04 2.487709999999999921e-01 7.536620000000000346e+02 1.395709999999999980e+02 1.346880000000000077e+00 -7.005569999999999709e+03 -7.405220000000000255e+03 -1.625479999999999927e+04 1.391779999999999973e+03 -4.398819999999999709e+03 -1.436960000000000036e+04 -1.256100000000000000e+04 -2.199879999999999836e+00 1.866559999999999886e-01 1.386290000000000000e+06 3.451430000000000000e+05 1.681599999999999895e+01
        redesign_dl_05.0_40322.dat 5.349999999999999938e-04 2.965119999999999978e-01 1.555299999999999955e+03 2.192100000000000080e+02 1.878069999999999906e+00 3.507010000000000218e+03 -6.352710000000000036e+03 -1.228129999999999927e+04 1.973349999999999909e+03 -4.018239999999999782e+03 -1.313939999999999964e+04 -1.243960000000000036e+04 1.542289999999999939e+00 5.915080000000000338e-01 1.966690000000000000e+06 5.833170000000000000e+05 1.674010000000000176e+01
        redesign_dl_05.0_43619.dat 5.349999999999999938e-04 3.016240000000000032e-01 1.370490000000000009e+03 2.034830000000000041e+02 1.943019999999999969e+00 -4.824220000000000255e+02 -8.179939999999999600e+03 -1.566989999999999964e+04 1.809650000000000091e+03 -5.242710000000000036e+03 -1.913800000000000000e+04 -1.291239999999999964e+04 -2.433619999999999894e+00 1.283620000000000039e-01 2.035260000000000000e+06 6.142300000000000000e+05 1.593510000000000026e+01
        redesign_dl_05.0_47165.dat 5.349999999999999938e-04 2.964330000000000020e-01 1.095769999999999982e+03 1.897630000000000052e+02 1.977719999999999922e+00 -1.510839999999999918e+03 -7.105189999999999600e+03 -1.491189999999999964e+04 1.890119999999999891e+03 -3.474269999999999982e+03 -1.248160000000000036e+04 -1.313760000000000036e+04 -2.187460000000000182e+00 1.218189999999999967e-01 1.971190000000000000e+06 5.853560000000000000e+05 1.674640000000000128e+01
        redesign_dl_05.0_47952.dat 5.349999999999999938e-04 2.788709999999999800e-01 1.211789999999999964e+03 1.855629999999999882e+02 1.921669999999999989e+00 -6.728880000000000109e+03 -8.487229999999999563e+03 -1.310989999999999964e+04 1.718380000000000109e+03 -5.446460000000000036e+03 -1.823020000000000073e+04 -1.267860000000000036e+04 -2.171669999999999989e-01 3.744330000000000158e-01 1.737670000000000000e+06 4.846630000000000000e+05 1.610519999999999996e+01
        redesign_dl_05.0_50292.dat 5.349999999999999938e-04 2.652169999999999805e-01 9.620529999999999973e+02 1.632849999999999966e+02 1.652730000000000032e+00 -2.752880000000000109e+03 -5.826699999999999818e+03 -1.341979999999999927e+04 1.559380000000000109e+03 -3.564949999999999818e+03 -1.243920000000000073e+04 -1.340800000000000000e+04 -5.729830000000000201e-01 3.601659999999999862e-01 1.577770000000000000e+06 4.190770000000000000e+05 1.668779999999999930e+01
        redesign_dl_06.0_14324.dat 5.349999999999999938e-04 3.517569999999999864e-01 1.800930000000000064e+03 2.811639999999999873e+02 2.215640000000000054e+00 9.151059999999999491e+03 -1.817470000000000073e+04 -1.386210000000000036e+04 2.604139999999999873e+03 -5.784310000000000400e+03 -1.852200000000000000e+04 -1.282829999999999927e+04 -9.422149999999999970e-02 4.173609999999999820e-01 2.772060000000000000e+06 9.755620000000000000e+05 1.573830000000000062e+01
        redesign_dl_06.0_26862.dat 5.349999999999999938e-04 3.092199999999999949e-01 1.718089999999999918e+03 2.329499999999999886e+02 2.841470000000000162e+00 5.082369999999999891e+03 -1.241589999999999964e+04 -1.337800000000000000e+04 2.013920000000000073e+03 -6.238789999999999964e+03 -1.907879999999999927e+04 -1.281689999999999964e+04 -6.696130000000000138e-01 3.296569999999999778e-01 2.141220000000000000e+06 6.624910000000000000e+05 1.487330000000000041e+01
        redesign_dl_06.0_47824.dat 5.349999999999999938e-04 2.644599999999999729e-01 8.058210000000000264e+02 1.440629999999999882e+02 1.895199999999999996e+00 -6.231409999999999854e+03 -6.997140000000000327e+03 -1.261200000000000000e+04 1.574410000000000082e+03 -4.856779999999999745e+03 -1.489879999999999927e+04 -1.278900000000000000e+04 -2.587340000000000195e+00 1.143249999999999961e-01 1.567290000000000000e+06 4.151920000000000000e+05 1.595659999999999989e+01
        redesign_dl_06.0_51321.dat 5.349999999999999938e-04 3.588180000000000258e-01 1.469589999999999918e+03 3.028039999999999736e+02 2.332819999999999894e+00 1.008260000000000036e+04 -2.313000000000000000e+04 -1.580710000000000036e+04 3.032989999999999782e+03 -6.989020000000000437e+03 -2.023700000000000000e+04 -1.301079999999999927e+04 2.896469999999999878e-01 4.553920000000000190e-01 2.899410000000000000e+06 1.044290000000000000e+06 1.517029999999999923e+01
        redesign_dl_06.0_52263.dat 5.349999999999999938e-04 3.633689999999999976e-01 2.209559999999999945e+03 3.156979999999999791e+02 2.155040000000000067e+00 8.425510000000000218e+03 -2.509659999999999854e+04 -1.406060000000000036e+04 2.855449999999999818e+03 -6.048050000000000182e+03 -1.730579999999999927e+04 -1.287720000000000073e+04 1.230099999999999971e+00 5.603050000000000530e-01 2.956190000000000000e+06 1.076050000000000000e+06 1.556750000000000078e+01
        redesign_dl_06.0_55769.dat 5.349999999999999938e-04 3.271290000000000031e-01 1.186500000000000000e+03 2.251210000000000093e+02 2.485970000000000013e+00 -1.201950000000000000e+04 -2.418390000000000146e+04 -1.605279999999999927e+04 1.845119999999999891e+03 -6.222770000000000437e+03 -2.022379999999999927e+04 -1.431889999999999964e+04 -1.650740000000000096e+00 2.646020000000000039e-01 2.391200000000000000e+06 7.823160000000000000e+05 1.560399999999999920e+01
         redesign_dl_07.0_2336.dat 5.349999999999999938e-04 3.741780000000000106e-01 1.448730000000000018e+03 3.017389999999999759e+02 2.615699999999999914e+00 -4.579740000000000146e+04 -6.182640000000000146e+04 -2.020659999999999854e+04 2.473389999999999873e+03 -1.187379999999999927e+04 -3.505709999999999854e+04 -1.374389999999999964e+04 -1.639440000000000008e+00 2.915229999999999766e-01 3.099170000000000000e+06 1.156300000000000000e+06 1.282939999999999969e+01
        redesign_dl_07.0_40743.dat 5.349999999999999938e-04 4.231949999999999878e-01 2.496980000000000018e+03 4.139289999999999736e+02 2.504280000000000062e+00 -6.201609999999999673e+03 -6.961589999999999418e+04 -1.456829999999999927e+04 3.671030000000000200e+03 -9.359229999999999563e+03 -2.701900000000000000e+04 -1.268860000000000036e+04 1.701549999999999896e+00 5.971189999999999554e-01 4.016770000000000000e+06 1.703540000000000000e+06 1.400970000000000049e+01
        redesign_dl_07.0_45626.dat 5.349999999999999938e-04 4.080159999999999898e-01 2.505730000000000018e+03 4.322149999999999750e+02 2.963880000000000070e+00 -3.269179999999999836e+03 -4.050100000000000000e+04 -1.528920000000000073e+04 3.714280000000000200e+03 -8.316989999999999782e+03 -2.368729999999999927e+04 -1.243950000000000000e+04 3.199260000000000215e+00 7.731270000000000087e-01 3.712030000000000000e+06 1.513530000000000000e+06 1.441409999999999947e+01
        redesign_dl_07.0_52870.dat 5.349999999999999938e-04 4.323690000000000033e-01 3.112630000000000109e+03 4.563929999999999723e+02 2.901349999999999874e+00 -8.446290000000000873e+03 -7.743280000000000291e+04 -1.678420000000000073e+04 3.436559999999999945e+03 -8.610120000000000800e+03 -2.655329999999999927e+04 -1.333420000000000073e+04 -1.557879999999999932e+00 2.402749999999999886e-01 4.165960000000000000e+06 1.798990000000000000e+06 1.481049999999999933e+01
        redesign_dl_07.0_52899.dat 5.349999999999999938e-04 3.923449999999999993e-01 2.468449999999999818e+03 3.721299999999999955e+02 2.533069999999999933e+00 -1.061720000000000073e+04 -5.342809999999999854e+04 -1.380689999999999964e+04 3.271710000000000036e+03 -8.331170000000000073e+03 -2.361079999999999927e+04 -1.335570000000000073e+04 -1.180269999999999930e+00 3.085459999999999869e-01 3.422050000000000000e+06 1.340160000000000000e+06 1.428490000000000038e+01
         redesign_dl_07.0_8564.dat 5.349999999999999938e-04 3.427470000000000239e-01 1.470589999999999918e+03 2.722119999999999891e+02 2.776289999999999925e+00 3.392780000000000200e+03 -3.588640000000000146e+04 -1.605770000000000073e+04 2.408989999999999782e+03 -8.828620000000000800e+03 -2.709259999999999854e+04 -1.375970000000000073e+04 1.371539999999999981e+00 6.033410000000000162e-01 2.639150000000000000e+06 9.081500000000000000e+05 1.440629999999999988e+01
        redesign_dl_08.0_15536.dat 5.349999999999999938e-04 4.299729999999999941e-01 3.078699999999999818e+03 4.655819999999999936e+02 3.843669999999999920e+00 -1.239960000000000036e+04 -7.216130000000000291e+04 -1.796100000000000000e+04 3.562139999999999873e+03 -1.183639999999999964e+04 -3.640319999999999709e+04 -1.313700000000000000e+04 3.181039999999999979e-01 5.304100000000000481e-01 4.131480000000000000e+06 1.775820000000000000e+06 1.300910000000000011e+01
        redesign_dl_08.0_22441.dat 5.349999999999999938e-04 4.760940000000000172e-01 4.016750000000000000e+03 5.624289999999999736e+02 3.853419999999999845e+00 -5.758680000000000291e+04 -4.921080000000000291e+04 -1.392689999999999964e+04 4.638000000000000000e+03 -1.135189999999999964e+04 -3.412169999999999709e+04 -1.339550000000000000e+04 1.561479999999999979e+00 6.006010000000000515e-01 5.087300000000000000e+06 2.426550000000000000e+06 1.257039999999999935e+01
        redesign_dl_08.0_32293.dat 5.349999999999999938e-04 4.114309999999999912e-01 2.698710000000000036e+03 4.111449999999999818e+02 2.124150000000000205e+00 -5.486619999999999891e+03 -4.245330000000000291e+04 -1.544860000000000036e+04 3.372659999999999854e+03 -1.066889999999999964e+04 -3.048450000000000000e+04 -1.389029999999999927e+04 1.691539999999999988e-01 4.239990000000000148e-01 3.766280000000000000e+06 1.548180000000000000e+06 1.349360000000000070e+01
        redesign_dl_08.0_41120.dat -8.135909999999999670e-03 4.634190000000000254e-01 3.282610000000000127e+03 5.234640000000000555e+02 3.962299999999999933e+00 -4.139630000000000109e+03 -4.971119999999999709e+04 -1.524560000000000036e+04 4.589750000000000000e+03 -1.220839999999999964e+04 -3.533919999999999709e+04 -1.301200000000000000e+04 7.422640000000000349e-01 5.382850000000000135e-01 4.774850000000000000e+06 2.211900000000000000e+06 1.262940000000000040e+01
        redesign_dl_08.0_46290.dat 5.349999999999999938e-04 4.379970000000000252e-01 2.271610000000000127e+03 4.436700000000000159e+02 3.836599999999999788e+00 -1.764299999999999955e+03 -7.624589999999999418e+04 -1.541710000000000036e+04 3.694519999999999982e+03 -1.074510000000000036e+04 -2.933979999999999927e+04 -1.421220000000000073e+04 2.028300000000000103e-01 4.965760000000000174e-01 4.239300000000000000e+06 1.849220000000000000e+06 1.274249999999999972e+01
        redesign_dl_08.0_60415.dat 5.349999999999999938e-04 4.472209999999999797e-01 3.343139999999999873e+03 4.854440000000000168e+02 4.012830000000000119e+00 -2.880820000000000073e+04 -5.572240000000000146e+04 -1.207600000000000000e+04 4.197630000000000109e+03 -1.010579999999999927e+04 -2.761600000000000000e+04 -1.216189999999999964e+04 1.083199999999999941e+00 5.191630000000000411e-01 4.452090000000000000e+06 1.987270000000000000e+06 1.300130000000000052e+01
        redesign_dl_09.0_21716.dat -2.869170000000000054e-02 4.544880000000000031e-01 3.240329999999999927e+03 5.111530000000000200e+02 3.256209999999999827e+00 1.392550000000000000e+04 -6.846210000000000582e+04 -1.737729999999999927e+04 3.552739999999999782e+03 -1.422750000000000000e+04 -4.068230000000000291e+04 -1.333210000000000036e+04 7.076949999999999630e-01 5.217840000000000256e-01 4.524350000000000000e+06 2.042430000000000000e+06 1.214390000000000036e+01
        redesign_dl_09.0_40322.dat 5.349999999999999938e-04 5.407370000000000232e-01 5.725079999999999927e+03 7.530420000000000300e+02 4.421490000000000364e+00 2.051559999999999854e+04 -5.000569999999999709e+04 -1.461489999999999964e+04 6.062399999999999636e+03 -1.180370000000000073e+04 -3.348969999999999709e+04 -1.251560000000000036e+04 3.184390000000000054e+00 8.144569999999999865e-01 6.549510000000000000e+06 3.544380000000000000e+06 1.287860000000000049e+01
        redesign_dl_09.0_43619.dat -3.185459999999999681e-02 5.237619999999999498e-01 5.070090000000000146e+03 6.918769999999999527e+02 3.974689999999999834e+00 3.943980000000000246e+02 -6.171959999999999854e+04 -1.851259999999999854e+04 5.587119999999999891e+03 -1.425460000000000036e+04 -4.163659999999999854e+04 -1.431239999999999964e+04 1.456510000000000027e-01 4.384890000000000176e-01 6.116980000000000000e+06 3.194930000000000000e+06 1.123470000000000013e+01
        redesign_dl_09.0_47165.dat 5.349999999999999938e-04 5.220590000000000508e-01 4.723579999999999927e+03 6.481860000000000355e+02 4.218060000000000365e+00 -1.622889999999999964e+04 -9.207619999999999709e+04 -1.790729999999999927e+04 4.290930000000000291e+03 -1.178279999999999927e+04 -3.451250000000000000e+04 -1.287500000000000000e+04 -8.994149999999999645e-01 3.242120000000000002e-01 6.058480000000000000e+06 3.157280000000000000e+06 1.224879999999999924e+01
        redesign_dl_09.0_47952.dat -2.261080000000000034e-02 5.505100000000000549e-01 5.592489999999999782e+03 7.760330000000000155e+02 3.565700000000000092e+00 5.004829999999999927e+03 -7.549989999999999418e+04 -1.341260000000000036e+04 5.892390000000000327e+03 -1.440920000000000073e+04 -3.695940000000000146e+04 -1.327260000000000036e+04 1.339170000000000083e-01 4.206199999999999939e-01 6.803910000000000000e+06 3.751020000000000000e+06 1.268130000000000024e+01
        redesign_dl_09.0_50292.dat -2.161400000000000127e-02 4.999480000000000035e-01 4.579600000000000364e+03 6.591309999999999718e+02 4.666210000000000413e+00 -4.870939999999999941e+02 -2.884440000000000146e+04 -1.323389999999999964e+04 5.679050000000000182e+03 -1.294170000000000073e+04 -3.882840000000000146e+04 -1.267500000000000000e+04 2.137039999999999829e+00 6.560129999999999573e-01 5.621820000000000000e+06 2.815550000000000000e+06 1.124670000000000059e+01
        redesign_dl_10.0_14324.dat -3.129320000000000018e-02 6.077230000000000132e-01 6.069939999999999600e+03 8.997500000000000000e+02 4.612260000000000026e+00 7.806250000000000000e+04 -1.683529999999999927e+04 -1.539429999999999927e+04 8.436629999999999200e+03 -1.442150000000000000e+04 -4.310250000000000000e+04 -1.383879999999999927e+04 3.784120000000000261e-01 4.225360000000000227e-01 8.281020000000000000e+06 5.047070000000000000e+06 1.181400000000000006e+01
        redesign_dl_10.0_26862.dat -1.502159999999999954e-02 5.294889999999999874e-01 5.528340000000000146e+03 7.350019999999999527e+02 5.928619999999999557e+00 4.602459999999999854e+04 -2.943579999999999927e+04 -1.222460000000000036e+04 6.099770000000000437e+03 -1.440900000000000000e+04 -3.901100000000000000e+04 -1.419000000000000000e+04 1.493419999999999970e+00 5.683529999999999971e-01 6.278970000000000000e+06 3.325540000000000000e+06 1.205390000000000050e+01
        redesign_dl_10.0_47824.dat -3.022479999999999958e-02 4.868870000000000142e-01 4.340359999999999673e+03 5.636250000000000000e+02 5.030850000000000044e+00 -8.620190000000000509e+03 -2.159870000000000073e+04 -1.210129999999999927e+04 5.013399999999999636e+03 -1.424660000000000036e+04 -3.757990000000000146e+04 -1.304679999999999927e+04 -1.234859999999999985e-01 3.663980000000000015e-01 5.351140000000000000e+06 2.615570000000000000e+06 1.205410000000000004e+01
        redesign_dl_10.0_51321.dat -2.502199999999999910e-02 5.798999999999999710e-01 5.144590000000000146e+03 8.284379999999999882e+02 4.842139999999999667e+00 2.160140000000000146e+04 -2.710300000000000000e+04 -1.860490000000000146e+04 7.973770000000000437e+03 -1.463050000000000000e+04 -4.070119999999999709e+04 -1.430260000000000036e+04 2.130930000000000046e-01 4.420830000000000037e-01 7.501210000000000000e+06 4.346830000000000000e+06 1.157130000000000081e+01
        redesign_dl_10.0_52263.dat -2.610399999999999873e-02 5.884350000000000414e-01 6.313840000000000146e+03 9.001109999999999900e+02 5.499699999999999811e+00 7.197689999999999418e+04 -1.107439999999999964e+04 -1.298110000000000036e+04 8.268129999999999200e+03 -1.426420000000000073e+04 -4.100190000000000146e+04 -1.354520000000000073e+04 1.991120000000000001e+00 6.224150000000000515e-01 7.787620000000000000e+06 4.597500000000000000e+06 1.176609999999999978e+01
        redesign_dl_10.0_55769.dat -3.222230000000000233e-02 5.553580000000000183e-01 4.699920000000000073e+03 7.619460000000000264e+02 5.232179999999999609e+00 1.010250000000000000e+04 -4.333840000000000146e+04 -1.626070000000000073e+04 6.049010000000000218e+03 -1.463289999999999964e+04 -4.019590000000000146e+04 -1.530070000000000073e+04 3.794600000000000056e-02 3.987990000000000146e-01 6.973100000000000000e+06 3.890550000000000000e+06 1.086979999999999968e+01
         redesign_dl_11.0_2336.dat -3.250279999999999836e-02 5.926879999999999926e-01 5.496119999999999891e+03 6.614400000000000546e+02 5.642660000000000231e+00 4.337209999999999854e+04 -1.417210000000000036e+04 -2.037379999999999927e+04 8.262879999999999200e+03 -1.467760000000000036e+04 -4.059930000000000291e+04 -1.477450000000000000e+04 -3.087930000000000064e+00 2.237569999999999837e-02 7.888190000000000000e+06 4.696540000000000000e+06 1.143200000000000038e+01
        redesign_dl_11.0_40743.dat -3.221319999999999739e-02 6.466969999999999663e-01 7.028149999999999636e+03 8.365149999999999864e+02 4.009509999999999685e+00 6.700050000000000000e+04 -2.214700000000000000e+04 -1.620979999999999927e+04 9.861399999999999636e+03 -1.480520000000000073e+04 -4.091400000000000000e+04 -1.355139999999999964e+04 -3.136820000000000164e+00 9.189700000000000299e-03 9.417920000000000000e+06 6.097140000000000000e+06 1.106060000000000088e+01
        redesign_dl_11.0_45626.dat -1.945010000000000142e-02 6.318470000000000475e-01 6.642720000000000255e+03 8.497119999999999891e+02 5.200459999999999638e+00 7.846230000000000291e+04 -2.855969999999999800e+03 -1.577410000000000036e+04 9.735670000000000073e+03 -1.448889999999999964e+04 -3.772000000000000000e+04 -1.223250000000000000e+04 -1.771439999999999904e+00 1.880640000000000089e-01 8.952070000000000000e+06 5.662650000000000000e+06 1.162170000000000059e+01
        redesign_dl_11.0_52870.dat -2.333230000000000026e-02 6.727490000000000414e-01 8.506270000000000437e+03 8.018709999999999809e+02 5.672310000000000407e+00 7.289419999999999709e+04 -1.910059999999999854e+04 -1.874620000000000073e+04 1.022679999999999927e+04 -1.478979999999999927e+04 -4.077480000000000291e+04 -1.365229999999999927e+04 -2.267049999999999788e+00 1.384350000000000025e-01 1.019830000000000000e+07 6.902680000000000000e+06 1.100210000000000043e+01
        redesign_dl_11.0_52899.dat -1.991350000000000064e-02 6.234539999999999527e-01 6.619560000000000400e+03 8.569990000000000236e+02 4.186899999999999622e+00 6.137890000000000146e+04 -3.252529999999999927e+04 -1.352679999999999927e+04 9.507920000000000073e+03 -1.450070000000000073e+04 -3.881719999999999709e+04 -1.466410000000000036e+04 -6.374220000000000441e-01 3.129480000000000040e-01 8.685790000000000000e+06 5.420870000000000000e+06 1.150140000000000029e+01
         redesign_dl_11.0_8564.dat -3.431390000000000134e-02 5.550800000000000178e-01 5.543710000000000036e+03 7.968410000000000082e+02 5.607090000000000352e+00 1.468629999999999927e+04 -1.828779999999999927e+04 -1.344210000000000036e+04 7.052930000000000291e+03 -1.457260000000000036e+04 -4.051330000000000291e+04 -1.239060000000000036e+04 -1.892889999999999961e+00 1.478500000000000092e-01 6.932380000000000000e+06 3.861450000000000000e+06 1.043260000000000076e+01
        redesign_dl_12.0_15536.dat -2.697060000000000082e-02 6.953200000000000491e-01 8.572379999999999200e+03 6.226900000000000546e+02 6.792839999999999989e+00 5.380169999999999709e+04 -1.895259999999999854e+04 -1.661309999999999854e+04 1.027900000000000000e+04 -1.485160000000000036e+04 -3.992640000000000146e+04 -1.469320000000000073e+04 -5.253049999999999997e+00 -2.441220000000000057e-01 1.085790000000000000e+07 7.557630000000000000e+06 1.064419999999999966e+01
        redesign_dl_12.0_22441.dat -2.942699999999999830e-02 7.283199999999999674e-01 9.040059999999999491e+03 7.069569999999999936e+02 6.458569999999999922e+00 6.278140000000000146e+04 -2.944379999999999927e+04 -1.761829999999999927e+04 1.084150000000000000e+04 -1.487560000000000036e+04 -3.699909999999999854e+04 -1.353200000000000000e+04 -3.623660000000000103e+00 -9.570529999999999315e-02 1.085790000000000000e+07 8.045960000000000000e+06 1.092370000000000019e+01
        redesign_dl_12.0_32293.dat -2.726579999999999976e-02 6.440479999999999539e-01 6.382630000000000109e+03 7.096989999999999554e+02 3.874919999999999920e+00 5.518900000000000000e+04 -2.794759999999999854e+04 -1.624779999999999927e+04 9.527739999999999782e+03 -1.464679999999999927e+04 -4.172750000000000000e+04 -1.323560000000000036e+04 -2.746350000000000069e+00 6.343519999999999714e-02 9.365020000000000000e+06 6.050460000000000000e+06 1.140489999999999959e+01
        redesign_dl_12.0_41120.dat -2.050599999999999992e-02 7.392760000000000442e-01 9.039760000000000218e+03 6.807250000000000227e+02 6.315549999999999997e+00 6.179669999999999709e+04 -2.531200000000000000e+04 -1.255289999999999964e+04 1.111970000000000073e+04 -1.466879999999999927e+04 -3.898909999999999854e+04 -1.287100000000000000e+04 -4.553359999999999630e+00 -1.823200000000000098e-01 1.085790000000000000e+07 8.204700000000000000e+06 1.173770000000000024e+01
        redesign_dl_12.0_46290.dat -2.686310000000000087e-02 6.482139999999999569e-01 6.989829999999999927e+03 7.302740000000000009e+02 5.583849999999999980e+00 3.858909999999999854e+04 -4.281450000000000000e+04 -1.896770000000000073e+04 9.001500000000000000e+03 -1.473960000000000036e+04 -4.410659999999999854e+04 -1.480360000000000036e+04 -4.102680000000000327e+00 -1.396489999999999954e-01 9.411850000000000000e+06 6.096880000000000000e+06 1.081489999999999974e+01
        redesign_dl_12.0_60415.dat -2.598229999999999984e-02 6.948130000000000139e-01 8.464639999999999418e+03 8.254800000000000182e+02 5.955809999999999604e+00 7.568369999999999709e+04 -1.400989999999999964e+04 -1.376800000000000000e+04 1.066770000000000073e+04 -1.441589999999999964e+04 -3.780459999999999854e+04 -1.314329999999999927e+04 -2.434079999999999799e+00 8.689349999999999852e-02 1.077420000000000000e+07 7.479270000000000000e+06 1.189869999999999983e+01
        redesign_dl_13.0_21716.dat -2.168629999999999863e-02 7.003740000000000521e-01 7.743560000000000400e+03 6.106829999999999927e+02 6.586660000000000181e+00 4.565869999999999709e+04 -2.479640000000000146e+04 -2.150559999999999854e+04 1.090579999999999927e+04 -1.503179999999999927e+04 -3.841030000000000291e+04 -1.357150000000000000e+04 -4.876129999999999853e+00 -2.466420000000000001e-01 1.085790000000000000e+07 7.565260000000000000e+06 1.148150000000000048e+01
        redesign_dl_13.0_40322.dat 3.351010000000000044e+00 7.468120000000000314e-01 9.987379999999999200e+03 7.071599999999999682e+02 7.152300000000000324e+00 5.839059999999999854e+04 -3.377580000000000291e+04 -1.654370000000000073e+04 1.233100000000000000e+04 -1.450400000000000000e+04 -3.492780000000000291e+04 -1.260110000000000036e+04 -4.053060000000000329e+00 -1.536210000000000075e-01 1.254450000000000000e+07 9.975260000000000000e+06 1.127720000000000056e+01
        redesign_dl_13.0_43619.dat 5.821739999999999693e-01 7.294450000000000101e-01 8.908100000000000364e+03 6.112949999999999591e+02 7.293879999999999697e+00 4.127009999999999854e+04 -3.334680000000000291e+04 -2.126309999999999854e+04 1.141420000000000073e+04 -1.492650000000000000e+04 -3.693680000000000291e+04 -1.382920000000000073e+04 -4.925449999999999662e+00 -2.175940000000000096e-01 1.236570000000000000e+07 9.963300000000000000e+06 1.184639999999999915e+01
        redesign_dl_13.0_47165.dat -1.665060000000000151e-02 7.390879999999999672e-01 8.366049999999999272e+03 6.146440000000000055e+02 6.841350000000000264e+00 4.666169999999999709e+04 -4.383880000000000291e+04 -2.092529999999999927e+04 1.149910000000000036e+04 -1.468620000000000073e+04 -3.851919999999999709e+04 -1.514760000000000036e+04 -5.452980000000000160e+00 -2.894149999999999778e-01 1.150800000000000000e+07 8.692620000000000000e+06 1.126800000000000068e+01
        redesign_dl_13.0_47952.dat 4.580189999999999984e+00 7.255380000000000162e-01 8.129520000000000437e+03 4.780029999999999859e+02 6.612099999999999866e+00 3.908400000000000000e+04 -4.129819999999999709e+04 -1.687650000000000000e+04 1.157410000000000036e+04 -1.501050000000000000e+04 -3.456100000000000000e+04 -1.337160000000000036e+04 -8.118479999999999919e+00 -5.967700000000000227e-01 1.229020000000000000e+07 9.961270000000000000e+06 1.289930000000000021e+01
        redesign_dl_13.0_50292.dat -1.778679999999999845e-02 7.404610000000000358e-01 8.479129999999999200e+03 5.937899999999999636e+02 7.627900000000000347e+00 5.751950000000000000e+04 -2.994850000000000000e+04 -1.638520000000000073e+04 1.188239999999999964e+04 -1.465879999999999927e+04 -3.888359999999999854e+04 -1.399739999999999964e+04 -4.786509999999999820e+00 -2.492520000000000013e-01 1.197160000000000000e+07 9.229840000000000000e+06 1.227030000000000065e+01
        redesign_dl_14.0_14324.dat 8.464549999999999130e+00 7.353359999999999896e-01 7.155409999999999854e+03 4.367180000000000177e+02 7.808060000000000223e+00 4.181409999999999854e+04 -3.200409999999999854e+04 -2.077220000000000073e+04 1.189850000000000000e+04 -1.484800000000000000e+04 -3.196659999999999854e+04 -1.322839999999999964e+04 -6.022149999999999892e+00 -4.121779999999999888e-01 1.240980000000000000e+07 9.960440000000000000e+06 1.399450000000000038e+01
        redesign_dl_14.0_26862.dat -5.805030000000000086e-03 7.458869999999999667e-01 7.546489999999999782e+03 5.990969999999999800e+02 8.588559999999999306e+00 4.307930000000000291e+04 -1.922099999999999909e+03 -1.664300000000000000e+04 1.223860000000000036e+04 -1.456060000000000036e+04 -3.712909999999999854e+04 -1.297070000000000073e+04 -5.480800000000000338e+00 -3.065749999999999864e-01 1.234460000000000000e+07 9.683780000000000000e+06 1.197059999999999924e+01
        redesign_dl_14.0_47824.dat -1.782670000000000088e-02 7.297559999999999603e-01 6.783250000000000000e+03 5.015070000000000050e+02 7.609989999999999810e+00 3.869519999999999709e+04 -2.142420000000000073e+04 -1.575229999999999927e+04 1.233270000000000073e+04 -1.489579999999999927e+04 -4.221530000000000291e+04 -1.373810000000000036e+04 -5.994270000000000209e+00 -3.734000000000000097e-01 1.132700000000000000e+07 8.668380000000000000e+06 1.226709999999999923e+01
        redesign_dl_14.0_51321.dat 4.968950000000000422e+00 7.239919999999999689e-01 8.038250000000000000e+03 5.349909999999999854e+02 7.740339999999999776e+00 3.661369999999999709e+04 -4.132559999999999854e+04 -2.011100000000000000e+04 1.119739999999999964e+04 -1.499679999999999927e+04 -3.324090000000000146e+04 -1.328170000000000073e+04 -6.065199999999999925e+00 -3.508740000000000192e-01 1.232070000000000000e+07 9.963490000000000000e+06 1.308830000000000027e+01
        redesign_dl_14.0_52263.dat 6.464550000000000018e+00 7.384469999999999645e-01 9.071129999999999200e+03 5.726689999999999827e+02 8.363469999999999516e+00 5.318319999999999709e+04 -3.333300000000000000e+04 -1.742409999999999854e+04 1.221960000000000036e+04 -1.467900000000000000e+04 -3.322869999999999709e+04 -1.429939999999999964e+04 -5.270590000000000330e+00 -2.946139999999999870e-01 1.235480000000000000e+07 9.962500000000000000e+06 1.324740000000000073e+01
        redesign_dl_14.0_55769.dat 3.106289999999999996e+00 7.162119999999999598e-01 7.789210000000000036e+03 5.131739999999999782e+02 7.632399999999999629e+00 1.466270000000000073e+04 -4.135790000000000146e+04 -2.153990000000000146e+04 1.073379999999999927e+04 -1.513960000000000036e+04 -3.775819999999999709e+04 -1.579760000000000036e+04 -6.653550000000000075e+00 -3.897039999999999949e-01 1.217400000000000000e+07 9.952460000000000000e+06 1.359709999999999930e+01
         redesign_dl_15.0_2336.dat 5.899469999999999992e+00 7.318320000000000380e-01 5.557000000000000000e+03 3.661349999999999909e+02 8.420569999999999666e+00 1.867770000000000073e+04 -5.829780000000000291e+04 -2.203490000000000146e+04 1.035110000000000036e+04 -1.494489999999999964e+04 -3.489659999999999854e+04 -1.390679999999999927e+04 -8.430229999999999890e+00 -6.320770000000000000e-01 1.223350000000000000e+07 9.953800000000000000e+06 1.432499999999999929e+01
        redesign_dl_15.0_40743.dat 7.958429999999999893e+00 7.271990000000000398e-01 6.877979999999999563e+03 4.552049999999999841e+02 6.033870000000000289e+00 1.928950000000000000e+04 -2.671500000000000000e+04 -1.943450000000000000e+04 1.154879999999999927e+04 -1.494439999999999964e+04 -3.051659999999999854e+04 -1.466839999999999964e+04 -8.396649999999999281e+00 -6.377899999999999681e-01 1.229470000000000000e+07 9.956400000000000000e+06 1.437609999999999921e+01
        redesign_dl_15.0_45626.dat 6.013840000000000074e+00 7.347700000000000342e-01 7.508869999999999891e+03 4.773399999999999750e+02 7.426289999999999836e+00 2.989970000000000073e+04 -1.541570000000000073e+04 -2.091390000000000146e+04 1.221839999999999964e+04 -1.483889999999999964e+04 -3.113700000000000000e+04 -1.335789999999999964e+04 -6.929420000000000357e+00 -4.579119999999999857e-01 1.233570000000000000e+07 9.962440000000000000e+06 1.447090000000000032e+01
        redesign_dl_15.0_52870.dat 6.763690000000000424e+00 7.263100000000000112e-01 6.592710000000000036e+03 3.882760000000000105e+02 8.288119999999999266e+00 1.856990000000000146e+04 -4.209800000000000000e+04 -2.565959999999999854e+04 1.138920000000000073e+04 -1.491800000000000000e+04 -3.102440000000000146e+04 -1.474670000000000073e+04 -7.572059999999999569e+00 -5.891699999999999715e-01 1.229090000000000000e+07 9.946260000000000000e+06 1.437560000000000038e+01
        redesign_dl_15.0_52899.dat 6.531279999999999752e+00 7.339719999999999578e-01 7.324079999999999927e+03 4.870289999999999964e+02 6.882909999999999862e+00 2.457009999999999854e+04 -3.027140000000000146e+04 -1.845840000000000146e+04 1.150650000000000000e+04 -1.482400000000000000e+04 -3.602209999999999854e+04 -1.639809999999999854e+04 -6.933139999999999858e+00 -4.772580000000000156e-01 1.228310000000000000e+07 9.954180000000000000e+06 1.306939999999999991e+01
         redesign_dl_15.0_8564.dat 2.568929999999999936e+00 7.346009999999999485e-01 8.645819999999999709e+03 5.103700000000000045e+02 8.080790000000000362e+00 3.237309999999999854e+04 -2.363640000000000146e+04 -1.909240000000000146e+04 1.153389999999999964e+04 -1.485050000000000000e+04 -3.368169999999999709e+04 -1.400820000000000073e+04 -5.817319999999999602e+00 -3.938570000000000126e-01 1.237120000000000000e+07 9.961130000000000000e+06 1.342270000000000074e+01
        redesign_dl_16.0_21716.dat 6.201170000000000293e+00 7.149910000000000432e-01 6.910279999999999745e+03 4.148380000000000223e+02 9.175879999999999370e+00 1.329170000000000073e+04 -2.327720000000000073e+04 -2.393759999999999854e+04 1.217750000000000000e+04 -1.523189999999999964e+04 -3.233829999999999927e+04 -1.457900000000000000e+04 -8.519429999999999836e+00 -6.390529999999999822e-01 1.226400000000000000e+07 9.940860000000000000e+06 1.347310000000000052e+01
        redesign_dl_16.0_40322.dat 1.121460000000000079e+01 7.365119999999999445e-01 8.345629999999999200e+03 4.968310000000000173e+02 9.021229999999999194e+00 2.860870000000000073e+04 -4.263390000000000146e+04 -1.813820000000000073e+04 1.180060000000000036e+04 -1.482410000000000036e+04 -2.906470000000000073e+04 -1.470800000000000000e+04 -7.859659999999999869e+00 -5.636250000000000426e-01 1.238420000000000000e+07 9.957600000000000000e+06 1.391380000000000017e+01
        redesign_dl_16.0_43619.dat 1.020770000000000088e+01 7.219510000000000094e-01 7.435449999999999818e+03 4.111290000000000191e+02 9.290250000000000341e+00 2.377050000000000000e+04 -3.950350000000000000e+04 -2.409159999999999854e+04 1.097089999999999964e+04 -1.499789999999999964e+04 -3.158270000000000073e+04 -1.565700000000000000e+04 -7.287250000000000227e+00 -5.292310000000000070e-01 1.220700000000000000e+07 9.948000000000000000e+06 1.479950000000000010e+01
        redesign_dl_16.0_47165.dat 8.499150000000000205e+00 7.342359999999999998e-01 5.546619999999999891e+03 3.684820000000000277e+02 9.242369999999999308e+00 1.154720000000000073e+04 -2.831900000000000000e+04 -1.965579999999999927e+04 1.153550000000000000e+04 -1.487750000000000000e+04 -3.091640000000000146e+04 -1.550979999999999927e+04 -8.125560000000000116e+00 -6.374689999999999523e-01 1.213020000000000000e+07 9.943540000000000000e+06 1.392800000000000082e+01
        redesign_dl_16.0_47952.dat 1.147879999999999967e+01 7.081720000000000237e-01 6.653890000000000327e+03 3.481429999999999723e+02 9.671010000000000773e+00 1.627470000000000073e+04 -4.198659999999999854e+04 -2.025390000000000146e+04 1.088820000000000073e+04 -1.535150000000000000e+04 -3.327340000000000146e+04 -1.440310000000000036e+04 -8.745469999999999189e+00 -7.159159999999999968e-01 1.218830000000000000e+07 9.948770000000000000e+06 1.555599999999999916e+01
        redesign_dl_16.0_50292.dat 1.007659999999999911e+01 7.336890000000000356e-01 6.039840000000000146e+03 3.648279999999999745e+02 1.000479999999999947e+01 2.249850000000000000e+04 -2.252779999999999927e+04 -1.742259999999999854e+04 1.190020000000000073e+04 -1.486189999999999964e+04 -2.975490000000000146e+04 -1.512920000000000073e+04 -7.778190000000000381e+00 -5.964779999999999527e-01 1.232510000000000000e+07 9.950090000000000000e+06 1.501609999999999978e+01
        redesign_dl_17.0_14324.dat 1.415189999999999948e+01 7.239389999999999992e-01 5.837899999999999636e+03 2.529799999999999898e+02 1.013889999999999958e+01 1.053650000000000000e+04 -3.513500000000000000e+04 -1.991059999999999854e+04 1.169129999999999927e+04 -1.521700000000000000e+04 -2.901570000000000073e+04 -1.496329999999999927e+04 -9.559480000000000643e+00 -7.456880000000000175e-01 1.229010000000000000e+07 9.936050000000000000e+06 1.545749999999999957e+01
        redesign_dl_17.0_26862.dat 9.359130000000000393e+00 7.342370000000000285e-01 6.271850000000000364e+03 4.138159999999999741e+02 1.044449999999999967e+01 2.360709999999999854e+04 -3.513809999999999854e+04 -1.677029999999999927e+04 1.142439999999999964e+04 -1.487810000000000036e+04 -2.831979999999999927e+04 -1.497229999999999927e+04 -8.820009999999999906e+00 -6.561930000000000263e-01 1.220360000000000000e+07 9.957570000000000000e+06 1.464899999999999913e+01
        redesign_dl_17.0_47824.dat 9.580260000000000886e+00 7.155280000000000529e-01 5.345460000000000036e+03 3.691990000000000123e+02 9.399540000000000006e+00 9.082969999999999345e+03 -3.104570000000000073e+04 -1.963229999999999927e+04 1.192910000000000036e+04 -1.525279999999999927e+04 -3.233390000000000146e+04 -1.397300000000000000e+04 -9.320930000000000604e+00 -7.651090000000000391e-01 1.211270000000000000e+07 9.954720000000000000e+06 1.596160000000000068e+01
        redesign_dl_17.0_51321.dat 1.173530000000000051e+01 7.128480000000000372e-01 6.281550000000000182e+03 3.858439999999999941e+02 9.961539999999999395e+00 1.291729999999999927e+04 -4.926809999999999854e+04 -2.145179999999999927e+04 1.094850000000000000e+04 -1.525789999999999964e+04 -3.240959999999999854e+04 -1.607650000000000000e+04 -8.393610000000000682e+00 -6.879349999999999632e-01 1.214090000000000000e+07 9.944150000000000000e+06 1.543970000000000020e+01
        redesign_dl_17.0_52263.dat 1.295800000000000018e+01 7.329189999999999872e-01 6.314720000000000255e+03 3.865029999999999859e+02 1.023489999999999966e+01 2.218320000000000073e+04 -3.174050000000000000e+04 -1.821729999999999927e+04 1.198210000000000036e+04 -1.488560000000000036e+04 -2.734250000000000000e+04 -1.489379999999999927e+04 -7.219450000000000145e+00 -5.533139999999999725e-01 1.213490000000000000e+07 9.948030000000000000e+06 1.462490000000000023e+01
        redesign_dl_17.0_55769.dat 1.164470000000000027e+01 7.090220000000000411e-01 6.200579999999999927e+03 2.814449999999999932e+02 9.155039999999999623e+00 -2.327649999999999864e+02 -4.335830000000000291e+04 -2.534079999999999927e+04 1.080779999999999927e+04 -1.530629999999999927e+04 -3.358409999999999854e+04 -1.744179999999999927e+04 -9.394149999999999778e+00 -7.766969999999999708e-01 1.212350000000000000e+07 9.938030000000000000e+06 1.568379999999999974e+01
         redesign_dl_18.0_2336.dat 1.251759999999999984e+01 7.272870000000000168e-01 3.389050000000000182e+03 2.276419999999999959e+02 1.011609999999999943e+01 -1.482000000000000000e+04 -3.233329999999999927e+04 -2.144379999999999927e+04 1.119710000000000036e+04 -1.506920000000000073e+04 -2.888709999999999854e+04 -1.659300000000000000e+04 -1.026529999999999987e+01 -8.494580000000000464e-01 1.204770000000000000e+07 9.934410000000000000e+06 1.571990000000000087e+01
        redesign_dl_18.0_40743.dat 1.328889999999999993e+01 7.087679999999999536e-01 4.766069999999999709e+03 3.134630000000000223e+02 7.958540000000000170e+00 -1.067450000000000000e+04 -2.781300000000000000e+04 -1.970229999999999927e+04 1.094960000000000036e+04 -1.541039999999999964e+04 -2.658229999999999927e+04 -1.625160000000000036e+04 -1.015569999999999951e+01 -8.203730000000000189e-01 1.217460000000000000e+07 9.941290000000000000e+06 1.626539999999999964e+01
        redesign_dl_18.0_45626.dat 1.191539999999999999e+01 7.210130000000000150e-01 6.301199999999999818e+03 3.471039999999999850e+02 9.170239999999999725e+00 1.551170000000000073e+04 -2.714359999999999854e+04 -2.388850000000000000e+04 1.200170000000000073e+04 -1.520160000000000036e+04 -2.627900000000000000e+04 -1.533629999999999927e+04 -8.947879999999999612e+00 -7.355150000000000299e-01 1.220600000000000000e+07 9.948870000000000000e+06 1.648829999999999885e+01
        redesign_dl_18.0_52870.dat 1.151539999999999964e+01 7.159480000000000288e-01 5.401600000000000364e+03 2.767710000000000150e+02 9.619709999999999539e+00 6.049130000000000109e+03 -4.402100000000000000e+04 -2.814579999999999927e+04 1.086870000000000073e+04 -1.532650000000000000e+04 -2.719790000000000146e+04 -1.597310000000000036e+04 -1.040620000000000012e+01 -8.512910000000000199e-01 1.219200000000000000e+07 9.935530000000000000e+06 1.578650000000000020e+01
        redesign_dl_18.0_52899.dat 1.277379999999999960e+01 7.216650000000000009e-01 5.384560000000000400e+03 3.485550000000000068e+02 9.264989999999999171e+00 1.304210000000000036e+04 -6.063190000000000146e+04 -2.071840000000000146e+04 1.049520000000000073e+04 -1.510260000000000036e+04 -3.061670000000000073e+04 -1.678950000000000000e+04 -8.915279999999999205e+00 -7.135799999999999921e-01 1.212310000000000000e+07 9.936190000000000000e+06 1.519810000000000016e+01
         redesign_dl_18.0_8564.dat 1.026030000000000086e+01 7.254540000000000433e-01 5.191539999999999964e+03 3.107440000000000282e+02 9.914279999999999760e+00 7.130579999999999927e+03 -2.627929999999999927e+04 -2.072320000000000073e+04 1.160729999999999927e+04 -1.501150000000000000e+04 -2.729000000000000000e+04 -1.529060000000000036e+04 -8.922650000000000858e+00 -6.957480000000000331e-01 1.222390000000000000e+07 9.946040000000000000e+06 1.541910000000000025e+01
        redesign_dl_19.0_21716.dat 1.198399999999999999e+01 7.042599999999999971e-01 4.631470000000000255e+03 2.630339999999999918e+02 1.182220000000000049e+01 -4.336600000000000364e+03 -2.122779999999999927e+04 -2.417370000000000073e+04 1.155339999999999964e+04 -1.552710000000000036e+04 -2.983459999999999854e+04 -1.498939999999999964e+04 -1.243239999999999945e+01 -1.005439999999999889e+00 1.212050000000000000e+07 9.928320000000000000e+06 1.543640000000000079e+01
        redesign_dl_19.0_40322.dat 1.607750000000000057e+01 7.279010000000000202e-01 6.561100000000000364e+03 3.561480000000000246e+02 1.106290000000000084e+01 4.350609999999999673e+03 -4.959000000000000000e+04 -2.212390000000000146e+04 1.127700000000000000e+04 -1.511229999999999927e+04 -2.641079999999999927e+04 -1.493850000000000000e+04 -1.119589999999999996e+01 -9.037720000000000198e-01 1.220950000000000000e+07 9.939160000000000000e+06 1.485730000000000040e+01
        redesign_dl_19.0_43619.dat 1.460229999999999961e+01 7.054949999999999832e-01 5.840010000000000218e+03 3.083799999999999955e+02 1.131470000000000020e+01 -4.481470000000000255e+03 -4.940230000000000291e+04 -2.664459999999999854e+04 1.063010000000000036e+04 -1.565779999999999927e+04 -2.814429999999999927e+04 -1.477629999999999927e+04 -1.068399999999999928e+01 -8.730949999999999545e-01 1.209730000000000000e+07 9.935990000000000000e+06 1.574750000000000050e+01
        redesign_dl_19.0_47165.dat 1.346819999999999951e+01 7.216289999999999649e-01 2.937880000000000109e+03 2.156510000000000105e+02 1.170090000000000074e+01 -1.635989999999999964e+04 -4.024800000000000000e+04 -2.014009999999999854e+04 1.144560000000000036e+04 -1.525420000000000073e+04 -2.947979999999999927e+04 -1.667859999999999854e+04 -1.143030000000000079e+01 -9.307649999999999535e-01 1.195650000000000000e+07 9.936570000000000000e+06 1.528400000000000070e+01
        redesign_dl_19.0_47952.dat 1.616079999999999828e+01 6.828739999999999810e-01 3.721559999999999945e+03 2.335250000000000057e+02 1.184029999999999916e+01 -1.412729999999999927e+04 -3.469790000000000146e+04 -2.114259999999999854e+04 1.083950000000000000e+04 -1.589070000000000073e+04 -3.067640000000000146e+04 -1.752000000000000000e+04 -1.041649999999999920e+01 -8.509139999999999482e-01 1.197220000000000000e+07 9.921550000000000000e+06 1.690119999999999933e+01
        redesign_dl_19.0_50292.dat 1.467029999999999923e+01 7.206430000000000335e-01 4.597350000000000364e+03 2.582139999999999986e+02 1.247760000000000069e+01 8.551750000000000000e+03 -2.571179999999999927e+04 -2.099529999999999927e+04 1.157989999999999964e+04 -1.531789999999999964e+04 -2.856270000000000073e+04 -1.474510000000000036e+04 -1.016000000000000014e+01 -8.123409999999999798e-01 1.217830000000000000e+07 9.941740000000000000e+06 1.638980000000000103e+01
        redesign_dl_20.0_14324.dat 1.770690000000000097e+01 7.162880000000000358e-01 3.003250000000000000e+03 1.012980000000000018e+02 1.184709999999999930e+01 -1.710859999999999854e+04 -5.098209999999999854e+04 -2.132420000000000073e+04 1.113960000000000036e+04 -1.540150000000000000e+04 -2.791479999999999927e+04 -1.474429999999999927e+04 -1.151120000000000054e+01 -9.387459999999999694e-01 1.208170000000000000e+07 9.930230000000000000e+06 1.674699999999999989e+01
        redesign_dl_20.0_26862.dat 1.411369999999999969e+01 7.251889999999999725e-01 2.613590000000000146e+03 2.339939999999999998e+02 1.256930000000000014e+01 1.303000000000000000e+04 -3.129390000000000146e+04 -1.636320000000000073e+04 1.092479999999999927e+04 -1.514860000000000036e+04 -2.581100000000000000e+04 -1.485300000000000000e+04 -1.012180000000000035e+01 -8.107320000000000082e-01 1.204980000000000000e+07 9.941670000000000000e+06 1.571889999999999965e+01
        redesign_dl_20.0_47824.dat 1.500750000000000028e+01 7.001849999999999463e-01 2.007119999999999891e+03 1.849329999999999927e+02 1.131690000000000040e+01 -5.140510000000000218e+03 -4.030590000000000146e+04 -2.189879999999999927e+04 1.128379999999999927e+04 -1.570379999999999927e+04 -2.922340000000000146e+04 -1.458060000000000036e+04 -1.067730000000000068e+01 -8.595030000000000170e-01 1.189350000000000000e+07 9.938660000000000000e+06 1.695660000000000167e+01
        redesign_dl_20.0_51321.dat 1.635750000000000171e+01 6.997590000000000199e-01 4.523779999999999745e+03 2.444480000000000075e+02 1.220620000000000083e+01 -9.242069999999999709e+03 -5.584040000000000146e+04 -2.378250000000000000e+04 1.110810000000000036e+04 -1.558789999999999964e+04 -3.177950000000000000e+04 -1.583120000000000073e+04 -1.157959999999999923e+01 -9.251779999999999449e-01 1.209190000000000000e+07 9.934330000000000000e+06 1.687869999999999848e+01
        redesign_dl_20.0_52263.dat 1.705880000000000152e+01 7.185420000000000140e-01 4.314619999999999891e+03 2.725489999999999782e+02 1.194050000000000011e+01 -1.203450000000000045e+03 -4.964350000000000000e+04 -2.282000000000000000e+04 1.120320000000000073e+04 -1.515810000000000036e+04 -2.602390000000000146e+04 -1.526079999999999927e+04 -1.019969999999999999e+01 -8.319140000000000423e-01 1.200720000000000000e+07 9.934440000000000000e+06 1.509510000000000041e+01
        redesign_dl_20.0_55769.dat 1.677159999999999940e+01 7.034280000000000532e-01 4.887029999999999745e+03 2.286469999999999914e+02 1.077219999999999978e+01 -2.746520000000000073e+04 -4.093209999999999854e+04 -2.699170000000000073e+04 1.049639999999999964e+04 -1.571560000000000036e+04 -3.083100000000000000e+04 -1.660150000000000000e+04 -1.252820000000000000e+01 -9.864290000000000003e-01 1.197640000000000000e+07 9.915420000000000000e+06 1.674960000000000093e+01
         redesign_dl_21.0_2336.dat 1.718339999999999890e+01 7.078769999999999785e-01 1.727460000000000036e+03 1.288600000000000136e+02 1.207699999999999996e+01 -4.121600000000000000e+04 -4.265619999999999709e+04 -2.368909999999999854e+04 1.092879999999999927e+04 -1.537660000000000036e+04 -2.747009999999999854e+04 -1.677059999999999854e+04 -1.380090000000000039e+01 -1.034489999999999910e+00 1.187550000000000000e+07 9.915820000000000000e+06 1.682250000000000156e+01
        redesign_dl_21.0_40743.dat 1.777499999999999858e+01 6.961570000000000258e-01 1.782019999999999982e+03 1.695680000000000121e+02 1.008719999999999928e+01 -2.237379999999999927e+04 -4.118880000000000291e+04 -2.272590000000000146e+04 1.081450000000000000e+04 -1.573239999999999964e+04 -2.634229999999999927e+04 -1.755640000000000146e+04 -1.266990000000000016e+01 -9.918529999999999847e-01 1.195380000000000000e+07 9.922400000000000000e+06 1.724409999999999954e+01
        redesign_dl_21.0_45626.dat 1.667389999999999972e+01 7.085249999999999604e-01 4.140020000000000437e+03 2.542640000000000100e+02 1.114499999999999957e+01 -1.079889999999999964e+04 -4.136580000000000291e+04 -2.405690000000000146e+04 1.126500000000000000e+04 -1.536110000000000036e+04 -2.630590000000000146e+04 -1.626050000000000000e+04 -1.127430000000000021e+01 -9.076840000000000463e-01 1.204120000000000000e+07 9.934870000000000000e+06 1.760079999999999956e+01
        redesign_dl_21.0_52870.dat 1.570180000000000042e+01 7.001560000000000006e-01 4.295560000000000400e+03 1.858679999999999950e+02 1.121710000000000029e+01 -1.603970000000000073e+04 -5.457190000000000146e+04 -2.747240000000000146e+04 1.043000000000000000e+04 -1.562360000000000036e+04 -2.632979999999999927e+04 -1.731540000000000146e+04 -1.300239999999999974e+01 -9.952499999999999680e-01 1.202240000000000000e+07 9.907560000000000000e+06 1.707679999999999865e+01
        redesign_dl_21.0_52899.dat 1.744660000000000011e+01 7.103699999999999459e-01 1.908940000000000055e+03 1.574070000000000107e+02 1.180910000000000082e+01 -2.535140000000000146e+04 -6.596110000000000582e+04 -1.855529999999999927e+04 1.080429999999999927e+04 -1.542279999999999927e+04 -2.921579999999999927e+04 -1.798400000000000000e+04 -1.221940000000000026e+01 -9.676160000000000316e-01 1.190580000000000000e+07 9.922750000000000000e+06 1.698029999999999973e+01
         redesign_dl_21.0_8564.dat 1.472589999999999932e+01 7.141589999999999883e-01 3.946610000000000127e+03 2.407110000000000127e+02 1.191629999999999967e+01 -1.165629999999999927e+04 -2.994220000000000073e+04 -2.341479999999999927e+04 1.100989999999999964e+04 -1.522329999999999927e+04 -2.548979999999999927e+04 -1.540629999999999927e+04 -1.166719999999999935e+01 -9.328809999999999603e-01 1.209570000000000000e+07 9.933830000000000000e+06 1.667999999999999972e+01
        redesign_dl_22.0_21716.dat 1.597710000000000008e+01 6.895139999999999603e-01 2.067760000000000218e+03 1.807889999999999873e+02 1.415210000000000079e+01 -1.551810000000000036e+04 -3.782450000000000000e+04 -2.386379999999999927e+04 1.091870000000000073e+04 -1.606289999999999964e+04 -2.930950000000000000e+04 -1.597450000000000000e+04 -1.318709999999999916e+01 -1.043539999999999912e+00 1.200510000000000000e+07 9.907000000000000000e+06 1.672850000000000037e+01
        redesign_dl_22.0_40322.dat 1.990190000000000126e+01 7.221610000000000529e-01 4.679199999999999818e+03 2.718629999999999995e+02 1.311459999999999937e+01 -1.187479999999999927e+04 -5.981390000000000146e+04 -2.679409999999999854e+04 1.064020000000000073e+04 -1.529670000000000073e+04 -2.698620000000000073e+04 -1.480400000000000000e+04 -1.430599999999999916e+01 -1.070740000000000025e+00 1.201030000000000000e+07 9.925450000000000000e+06 1.548460000000000036e+01
        redesign_dl_22.0_43619.dat 1.826249999999999929e+01 6.997139999999999471e-01 1.772809999999999945e+03 1.547849999999999966e+02 1.337250000000000050e+01 -1.410000000000000000e+03 -4.920250000000000000e+04 -2.727900000000000000e+04 1.072500000000000000e+04 -1.583420000000000073e+04 -2.615050000000000000e+04 -1.527700000000000000e+04 -1.277229999999999954e+01 -1.011679999999999913e+00 1.183260000000000000e+07 9.921480000000000000e+06 1.665800000000000125e+01
        redesign_dl_22.0_47165.dat 1.748959999999999937e+01 7.001680000000000126e-01 9.965539999999999736e+02 1.296469999999999914e+02 1.369909999999999961e+01 -2.486509999999999854e+04 -7.220280000000000291e+04 -2.499990000000000146e+04 1.058779999999999927e+04 -1.563720000000000073e+04 -2.808640000000000146e+04 -1.584160000000000036e+04 -1.389569999999999972e+01 -1.124770000000000048e+00 1.194310000000000000e+07 9.911930000000000000e+06 1.629909999999999926e+01
        redesign_dl_22.0_47952.dat 2.010500000000000043e+01 6.704550000000000232e-01 1.998950000000000045e+03 1.793069999999999879e+02 1.388690000000000069e+01 -2.191579999999999927e+04 -5.243090000000000146e+04 -2.361550000000000000e+04 1.026820000000000073e+04 -1.615920000000000073e+04 -2.897559999999999854e+04 -1.735179999999999927e+04 -1.282140000000000057e+01 -1.018869999999999942e+00 1.172100000000000000e+07 9.754160000000000000e+06 1.753790000000000049e+01
        redesign_dl_22.0_50292.dat 1.870240000000000080e+01 7.056710000000000482e-01 3.370519999999999982e+03 1.990879999999999939e+02 1.444009999999999927e+01 -1.682219999999999871e+01 -2.110379999999999927e+04 -2.203670000000000073e+04 1.154970000000000073e+04 -1.549150000000000000e+04 -2.955000000000000000e+04 -1.639350000000000000e+04 -1.220279999999999987e+01 -9.568280000000000118e-01 1.194190000000000000e+07 9.931310000000000000e+06 1.703069999999999951e+01
        redesign_dl_23.0_14324.dat 2.122119999999999962e+01 6.995559999999999556e-01 -2.365670000000000073e+02 -6.132730000000000103e+01 1.334520000000000017e+01 -1.632470000000000073e+04 -5.343980000000000291e+04 -2.578309999999999854e+04 1.086679999999999927e+04 -1.572510000000000036e+04 -2.588609999999999854e+04 -1.604800000000000000e+04 -1.340029999999999966e+01 -1.036569999999999991e+00 1.194430000000000000e+07 9.913620000000000000e+06 1.791509999999999891e+01
        redesign_dl_23.0_26862.dat 1.801770000000000138e+01 7.184150000000000258e-01 1.497290000000000134e+02 1.508509999999999991e+02 1.476549999999999940e+01 6.161890000000000327e+03 -2.799879999999999927e+04 -1.752100000000000000e+04 1.022050000000000000e+04 -1.541189999999999964e+04 -2.575079999999999927e+04 -1.545400000000000000e+04 -1.232799999999999940e+01 -1.010029999999999983e+00 1.192760000000000000e+07 9.928980000000000000e+06 1.714209999999999923e+01
        redesign_dl_23.0_47824.dat 1.903000000000000114e+01 6.894310000000000160e-01 2.573570000000000277e+02 9.114780000000000371e+01 1.336139999999999972e+01 -2.119290000000000146e+04 -5.477690000000000146e+04 -2.247940000000000146e+04 1.059810000000000036e+04 -1.577670000000000073e+04 -2.647429999999999927e+04 -1.552539999999999964e+04 -1.242379999999999995e+01 -9.637449999999999628e-01 1.170290000000000000e+07 9.925420000000000000e+06 1.770339999999999847e+01
        redesign_dl_23.0_51321.dat 2.071340000000000003e+01 6.843770000000000131e-01 8.652730000000000246e+02 1.284830000000000041e+02 1.446240000000000059e+01 -2.598609999999999854e+04 -6.235669999999999709e+04 -2.627220000000000073e+04 1.075579999999999927e+04 -1.597750000000000000e+04 -3.242450000000000000e+04 -1.686659999999999854e+04 -1.418979999999999997e+01 -1.047039999999999971e+00 1.195600000000000000e+07 9.919170000000000000e+06 1.735379999999999967e+01
        redesign_dl_23.0_52263.dat 2.071239999999999881e+01 7.076350000000000140e-01 2.452539999999999964e+03 1.636889999999999930e+02 1.364119999999999955e+01 -1.133539999999999964e+04 -5.318519999999999709e+04 -2.311679999999999927e+04 1.074360000000000036e+04 -1.554870000000000073e+04 -2.577879999999999927e+04 -1.628560000000000036e+04 -1.400609999999999999e+01 -1.063800000000000079e+00 1.188710000000000000e+07 9.924650000000000000e+06 1.571899999999999942e+01
        redesign_dl_23.0_55769.dat 2.049899999999999878e+01 6.852920000000000122e-01 1.782559999999999945e+03 1.071370000000000005e+02 1.248450000000000060e+01 -2.847170000000000073e+04 -5.775750000000000000e+04 -2.958650000000000000e+04 9.949610000000000582e+03 -1.602770000000000073e+04 -2.795559999999999854e+04 -1.713600000000000000e+04 -1.610989999999999966e+01 -1.125080000000000080e+00 1.188200000000000000e+07 9.903210000000000000e+06 1.754540000000000077e+01
         redesign_dl_24.0_2336.dat 2.108719999999999928e+01 7.039760000000000462e-01 -1.610009999999999991e+03 6.189609999999999701e+01 1.425200000000000067e+01 -5.867440000000000146e+04 -6.101050000000000000e+04 -2.244509999999999854e+04 1.068020000000000073e+04 -1.569270000000000073e+04 -2.507120000000000073e+04 -1.729159999999999854e+04 -1.657000000000000028e+01 -1.145890000000000075e+00 1.182580000000000000e+07 9.895650000000000000e+06 1.767640000000000100e+01
        redesign_dl_24.0_40743.dat 2.170690000000000097e+01 6.882949999999999902e-01 -7.118410000000000082e+02 7.115980000000000416e+01 1.219260000000000055e+01 -4.555950000000000000e+04 -4.055669999999999709e+04 -2.766320000000000073e+04 9.984239999999999782e+03 -1.608729999999999927e+04 -2.451629999999999927e+04 -1.660070000000000073e+04 -1.499080000000000013e+01 -1.173000000000000043e+00 1.180670000000000000e+07 9.904080000000000000e+06 1.777929999999999922e+01
        redesign_dl_24.0_45626.dat 2.098300000000000054e+01 6.925430000000000197e-01 4.701339999999999719e+01 1.466150000000000091e+02 1.314569999999999972e+01 -1.396639999999999964e+04 -7.475950000000000000e+04 -2.751079999999999927e+04 1.068679999999999927e+04 -1.593860000000000036e+04 -2.686379999999999927e+04 -1.701700000000000000e+04 -1.305739999999999945e+01 -1.024480000000000057e+00 1.179900000000000000e+07 9.921420000000000000e+06 1.802779999999999916e+01
        redesign_dl_24.0_52870.dat 1.983249999999999957e+01 6.815949999999999509e-01 2.345719999999999800e+03 1.259560000000000031e+02 1.284040000000000070e+01 -2.086200000000000000e+04 -6.610469999999999709e+04 -3.186629999999999927e+04 1.019039999999999964e+04 -1.599589999999999964e+04 -2.731329999999999927e+04 -1.752650000000000000e+04 -1.511560000000000059e+01 -1.165529999999999955e+00 1.179220000000000000e+07 9.888590000000000000e+06 1.775949999999999918e+01
        redesign_dl_24.0_52899.dat 2.152240000000000109e+01 7.024519999999999653e-01 -2.226819999999999879e+02 5.439030000000000342e+01 1.348659999999999926e+01 -3.789350000000000000e+04 -6.700750000000000000e+04 -2.050059999999999854e+04 1.018920000000000073e+04 -1.571489999999999964e+04 -2.965679999999999927e+04 -1.942640000000000146e+04 -1.675169999999999959e+01 -1.135140000000000038e+00 1.173060000000000000e+07 9.911310000000000000e+06 1.780349999999999966e+01
         redesign_dl_24.0_8564.dat 1.852479999999999905e+01 6.991760000000000197e-01 2.054420000000000073e+03 1.708909999999999911e+02 1.392360000000000042e+01 -2.201020000000000073e+04 -3.411250000000000000e+04 -2.542740000000000146e+04 1.041600000000000000e+04 -1.557000000000000000e+04 -2.524779999999999927e+04 -1.608200000000000000e+04 -1.472739999999999938e+01 -1.118360000000000021e+00 1.197140000000000000e+07 9.928420000000000000e+06 1.767510000000000048e+01
