 -180.000   0.000   0.600   0.000   1.000   0.000   0.000
 -175.000   0.000   0.600   0.000   1.000   0.000   0.000
 -170.000   0.000   0.600   0.000   1.000   0.000   0.000
 -165.000   0.000   0.600   0.000   1.000   0.000   0.000
 -160.000   0.000   0.600   0.000   1.000   0.000   0.000
 -155.000   0.000   0.600   0.000   1.000   0.000   0.000
 -150.000   0.000   0.600   0.000   1.000   0.000   0.000
 -145.000   0.000   0.600   0.000   1.000   0.000   0.000
 -140.000   0.000   0.600   0.000   1.000   0.000   0.000
 -135.000   0.000   0.600   0.000   1.000   0.000   0.000
 -130.000   0.000   0.600   0.000   1.000   0.000   0.000
 -125.000   0.000   0.600   0.000   1.000   0.000   0.000
 -120.000   0.000   0.600   0.000   1.000   0.000   0.000
 -115.000   0.000   0.600   0.000   1.000   0.000   0.000
 -110.000   0.000   0.600   0.000   1.000   0.000   0.000
 -105.000   0.000   0.600   0.000   1.000   0.000   0.000
 -100.000   0.000   0.600   0.000   1.000   0.000   0.000
  -95.000   0.000   0.600   0.000   1.000   0.000   0.000
  -90.000   0.000   0.600   0.000   1.000   0.000   0.000
  -85.000   0.000   0.600   0.000   1.000   0.000   0.000
  -80.000   0.000   0.600   0.000   1.000   0.000   0.000
  -75.000   0.000   0.600   0.000   1.000   0.000   0.000
  -70.000   0.000   0.600   0.000   1.000   0.000   0.000
  -65.000   0.000   0.600   0.000   1.000   0.000   0.000
  -60.000   0.000   0.600   0.000   1.000   0.000   0.000
  -55.000   0.000   0.600   0.000   1.000   0.000   0.000
  -50.000   0.000   0.600   0.000   1.000   0.000   0.000
  -45.000   0.000   0.600   0.000   1.000   0.000   0.000
  -40.000   0.000   0.600   0.000   1.000   0.000   0.000
  -39.000   0.000   0.600   0.000   1.000   0.000   0.000
  -38.000   0.000   0.600   0.000   1.000   0.000   0.000
  -37.000   0.000   0.600   0.000   1.000   0.000   0.000
  -36.000   0.000   0.600   0.000   1.000   0.000   0.000
  -35.000   0.000   0.600   0.000   1.000   0.000   0.000
  -34.000   0.000   0.600   0.000   1.000   0.000   0.000
  -33.000   0.000   0.600   0.000   1.000   0.000   0.000
  -32.000   0.000   0.600   0.000   1.000   0.000   0.000
  -30.000   0.000   0.600   0.000   1.000   0.000   0.000
  -28.000   0.000   0.600   0.000   1.000   0.000   0.000
  -26.000   0.000   0.600   0.000   1.000   0.000   0.000
  -24.000   0.000   0.600   0.000   1.000   0.000   0.000
  -22.000   0.000   0.600   0.000   1.000   0.000   0.000
  -20.000   0.000   0.600   0.000   1.000   0.000   0.000
  -18.000   0.000   0.600   0.000   1.000   0.000   0.000
  -16.000   0.000   0.600   0.000   1.000   0.000   0.000
  -14.000   0.000   0.600   0.000   1.000   0.000   0.000
  -12.000   0.000   0.600   0.000   1.000   0.000   0.000
  -10.000   0.000   0.600   0.000   1.000   0.000   0.000
   -8.000   0.000   0.600   0.000   1.000   0.000   0.000
   -6.000   0.000   0.600   0.000   1.000   0.000   0.000
   -4.000   0.000   0.600   0.000   1.000   0.000   0.000
   -2.000   0.000   0.600   0.000   1.000   0.000   0.000
    0.000   0.000   0.600   0.000   1.000   0.000   0.000
    2.000   0.000   0.600   0.000   1.000   0.000   0.000
    4.000   0.000   0.600   0.000   1.000   0.000   0.000
    6.000   0.000   0.600   0.000   1.000   0.000   0.000
    8.000   0.000   0.600   0.000   1.000   0.000   0.000
   10.000   0.000   0.600   0.000   1.000   0.000   0.000
   12.000   0.000   0.600   0.000   1.000   0.000   0.000
   14.000   0.000   0.600   0.000   1.000   0.000   0.000
   16.000   0.000   0.600   0.000   1.000   0.000   0.000
   18.000   0.000   0.600   0.000   1.000   0.000   0.000
   20.000   0.000   0.600   0.000   1.000   0.000   0.000
   22.000   0.000   0.600   0.000   1.000   0.000   0.000
   24.000   0.000   0.600   0.000   1.000   0.000   0.000
   26.000   0.000   0.600   0.000   1.000   0.000   0.000
   28.000   0.000   0.600   0.000   1.000   0.000   0.000
   30.000   0.000   0.600   0.000   1.000   0.000   0.000
   32.000   0.000   0.600   0.000   1.000   0.000   0.000
   33.000   0.000   0.600   0.000   1.000   0.000   0.000
   34.000   0.000   0.600   0.000   1.000   0.000   0.000
   35.000   0.000   0.600   0.000   1.000   0.000   0.000
   36.000   0.000   0.600   0.000   1.000   0.000   0.000
   37.000   0.000   0.600   0.000   1.000   0.000   0.000
   38.000   0.000   0.600   0.000   1.000   0.000   0.000
   39.000   0.000   0.600   0.000   1.000   0.000   0.000
   40.000   0.000   0.600   0.000   1.000   0.000   0.000
   45.000   0.000   0.600   0.000   1.000   0.000   0.000
   50.000   0.000   0.600   0.000   1.000   0.000   0.000
   55.000   0.000   0.600   0.000   1.000   0.000   0.000
   60.000   0.000   0.600   0.000   1.000   0.000   0.000
   65.000   0.000   0.600   0.000   1.000   0.000   0.000
   70.000   0.000   0.600   0.000   1.000   0.000   0.000
   75.000   0.000   0.600   0.000   1.000   0.000   0.000
   80.000   0.000   0.600   0.000   1.000   0.000   0.000
   85.000   0.000   0.600   0.000   1.000   0.000   0.000
   90.000   0.000   0.600   0.000   1.000   0.000   0.000
   95.000   0.000   0.600   0.000   1.000   0.000   0.000
  100.000   0.000   0.600   0.000   1.000   0.000   0.000
  105.000   0.000   0.600   0.000   1.000   0.000   0.000
  110.000   0.000   0.600   0.000   1.000   0.000   0.000
  115.000   0.000   0.600   0.000   1.000   0.000   0.000
  120.000   0.000   0.600   0.000   1.000   0.000   0.000
  125.000   0.000   0.600   0.000   1.000   0.000   0.000
  130.000   0.000   0.600   0.000   1.000   0.000   0.000
  135.000   0.000   0.600   0.000   1.000   0.000   0.000
  140.000   0.000   0.600   0.000   1.000   0.000   0.000
  145.000   0.000   0.600   0.000   1.000   0.000   0.000
  150.000   0.000   0.600   0.000   1.000   0.000   0.000
  155.000   0.000   0.600   0.000   1.000   0.000   0.000
  160.000   0.000   0.600   0.000   1.000   0.000   0.000
  165.000   0.000   0.600   0.000   1.000   0.000   0.000
  170.000   0.000   0.600   0.000   1.000   0.000   0.000
  175.000   0.000   0.600   0.000   1.000   0.000   0.000
  180.000   0.000   0.600   0.000   1.000   0.000   0.000
