 -180.000   0.000   0.000   0.000   1.000   0.000   0.000
 -175.000   0.174   0.010   0.022   1.000   0.174   0.174
 -170.000   0.342   0.039   0.043   1.000   0.342   0.342
 -165.000   0.500   0.087   0.065   1.000   0.500   0.500
 -160.000   0.643   0.152   0.086   1.000   0.643   0.643
 -155.000   0.766   0.232   0.106   1.000   0.766   0.766
 -150.000   0.866   0.325   0.125   1.000   0.866   0.866
 -145.000   0.940   0.428   0.143   1.000   0.940   0.940
 -140.000   0.985   0.537   0.161   1.000   0.985   0.985
 -135.000   1.000   0.650   0.177   1.000   1.000   1.000
 -130.000   0.985   0.763   0.192   1.000   0.985   0.985
 -125.000   0.940   0.872   0.205   1.000   0.940   0.940
 -120.000   0.866   0.975   0.216   1.000   0.866   0.866
 -115.000   0.766   1.068   0.227   1.000   0.766   0.766
 -110.000   0.643   1.148   0.235   1.000   0.643   0.643
 -105.000   0.500   1.213   0.241   1.000   0.500   0.500
 -100.000   0.342   1.261   0.246   1.000   0.342   0.342
  -95.000   0.174   1.290   0.249   1.000   0.174   0.174
  -90.000   0.000   1.300   0.250   1.000   0.000   0.000
  -85.000  -0.174   1.290   0.249   1.000  -0.174  -0.174
  -80.000  -0.342   1.261   0.246   1.000  -0.342  -0.342
  -75.000  -0.500   1.213   0.241   1.000  -0.500  -0.500
  -70.000  -0.643   1.148   0.235   1.000  -0.643  -0.643
  -65.000  -0.766   1.068   0.227   1.000  -0.766  -0.766
  -60.000  -0.866   0.975   0.216   1.000  -0.866  -0.866
  -55.000  -0.940   0.872   0.205   1.000  -0.940  -0.940
  -50.000  -0.985   0.763   0.192   1.000  -0.985  -0.985
  -45.000  -1.000   0.650   0.177   1.000  -1.000  -1.000
  -40.000  -0.982   0.542   0.142   1.000  -0.982  -0.982
  -39.000  -0.954   0.521   0.135   1.000  -0.954  -0.954
  -38.000  -0.926   0.499   0.128   1.000  -0.926  -0.926
  -37.000  -0.888   0.477   0.120   1.000  -0.888  -0.888
  -36.000  -0.831   0.456   0.114   1.000  -0.831  -0.831
  -35.000  -0.773   0.434   0.106   1.000  -0.773  -0.773
  -34.000  -0.725   0.413   0.099   1.000  -0.725  -0.725
  -33.000  -0.658   0.391   0.092   1.000  -0.658  -0.658
  -32.000  -0.611   0.292   0.030   1.000  -0.611  -0.611
  -30.000  -0.561   0.266   0.020   1.000  -0.561  -0.561
  -28.000  -0.511   0.240   0.009   1.000  -0.511  -0.511
  -26.000  -0.449   0.217  -0.001   1.000  -0.449  -0.449
  -24.000  -0.388   0.194  -0.011   1.000  -0.388  -0.388
  -22.000  -0.316   0.173  -0.020   1.000  -0.316  -0.316
  -20.000  -0.244   0.153  -0.029   1.000  -0.244  -0.244
  -18.000  -0.164   0.135  -0.037   1.000  -0.164  -0.164
  -16.000  -0.084   0.118  -0.045   1.000  -0.084  -0.084
  -14.000   0.002   0.104  -0.051   1.000   0.002   0.002
  -12.000   0.088   0.089  -0.057   1.000   0.088   0.088
  -10.000   0.172   0.077  -0.060   1.000   0.172   0.172
   -8.000   0.256   0.066  -0.064   1.000   0.256   0.256
   -6.000   0.318   0.056  -0.060   1.000   0.318   0.318
   -4.000   0.380   0.047  -0.057   1.000   0.380   0.380
   -2.000   0.357   0.041  -0.035   1.000   0.357   0.357
    0.000   0.335   0.034  -0.013   1.000   0.335   0.335
    2.000   0.565   0.032  -0.049   1.000   0.565   0.565
    4.000   0.877   0.034  -0.089   1.000   0.877   0.877
    6.000   1.043   0.045  -0.112   1.000   1.043   1.043
    8.000   0.927   0.078  -0.120   1.000   0.927   0.927
   10.000   0.825   0.117  -0.133   1.000   0.825   0.825
   12.000   0.791   0.156  -0.149   1.000   0.791   0.791
   14.000   0.789   0.193  -0.165   1.000   0.789   0.789
   16.000   0.813   0.230  -0.180   1.000   0.813   0.813
   18.000   0.850   0.266  -0.194   1.000   0.850   0.850
   20.000   0.895   0.301  -0.208   1.000   0.895   0.895
   22.000   0.936   0.336  -0.220   1.000   0.936   0.936
   24.000   0.977   0.371  -0.232   1.000   0.977   0.977
   26.000   1.016   0.406  -0.242   1.000   1.016   1.016
   28.000   1.055   0.440  -0.252   1.000   1.055   1.055
   30.000   1.084   0.474  -0.261   1.000   1.084   1.084
   32.000   1.113   0.507  -0.270   1.000   1.113   1.113
   33.000   1.131   0.429  -0.137   1.000   1.131   1.131
   34.000   1.143   0.450  -0.141   1.000   1.143   1.143
   35.000   1.145   0.471  -0.145   1.000   1.145   1.145
   36.000   1.147   0.492  -0.149   1.000   1.147   1.147
   37.000   1.138   0.513  -0.153   1.000   1.138   1.138
   38.000   1.130   0.534  -0.157   1.000   1.130   1.130
   39.000   1.121   0.555  -0.160   1.000   1.121   1.121
   40.000   1.103   0.575  -0.164   1.000   1.103   1.103
   45.000   1.030   0.677  -0.183   1.000   1.030   1.030
   50.000   0.976   0.776  -0.194   1.000   0.976   0.976
   55.000   0.921   0.876  -0.205   1.000   0.921   0.921
   60.000   0.866   0.975  -0.216   1.000   0.866   0.866
   65.000   0.766   1.068  -0.227   1.000   0.766   0.766
   70.000   0.643   1.148  -0.235   1.000   0.643   0.643
   75.000   0.500   1.213  -0.241   1.000   0.500   0.500
   80.000   0.342   1.261  -0.246   1.000   0.342   0.342
   85.000   0.174   1.290  -0.249   1.000   0.174   0.174
   90.000   0.000   1.300  -0.250   1.000   0.000   0.000
   95.000  -0.174   1.290  -0.249   1.000  -0.174  -0.174
  100.000  -0.342   1.261  -0.246   1.000  -0.342  -0.342
  105.000  -0.500   1.213  -0.241   1.000  -0.500  -0.500
  110.000  -0.643   1.148  -0.235   1.000  -0.643  -0.643
  115.000  -0.766   1.068  -0.227   1.000  -0.766  -0.766
  120.000  -0.866   0.975  -0.216   1.000  -0.866  -0.866
  125.000  -0.940   0.872  -0.205   1.000  -0.940  -0.940
  130.000  -0.985   0.763  -0.192   1.000  -0.985  -0.985
  135.000  -1.000   0.650  -0.177   1.000  -1.000  -1.000
  140.000  -0.985   0.537  -0.161   1.000  -0.985  -0.985
  145.000  -0.940   0.428  -0.143   1.000  -0.940  -0.940
  150.000  -0.866   0.325  -0.125   1.000  -0.866  -0.866
  155.000  -0.766   0.232  -0.106   1.000  -0.766  -0.766
  160.000  -0.643   0.152  -0.086   1.000  -0.643  -0.643
  165.000  -0.500   0.087  -0.065   1.000  -0.500  -0.500
  170.000  -0.342   0.039  -0.043   1.000  -0.342  -0.342
  175.000  -0.174   0.010  -0.022   1.000  -0.174  -0.174
  180.000   0.000   0.000   0.000   1.000   0.000   0.000
