 -180.000   0.000   0.000   0.000   1.000   0.000   0.000
 -175.000   0.174   0.010   0.022   1.000   0.174   0.174
 -170.000   0.342   0.039   0.043   1.000   0.342   0.342
 -165.000   0.500   0.087   0.065   1.000   0.500   0.500
 -160.000   0.643   0.152   0.086   1.000   0.643   0.643
 -155.000   0.766   0.232   0.106   1.000   0.766   0.766
 -150.000   0.866   0.325   0.125   1.000   0.866   0.866
 -145.000   0.940   0.428   0.143   1.000   0.940   0.940
 -140.000   0.985   0.537   0.161   1.000   0.985   0.985
 -135.000   1.000   0.650   0.177   1.000   1.000   1.000
 -130.000   0.985   0.763   0.192   1.000   0.985   0.985
 -125.000   0.940   0.872   0.205   1.000   0.940   0.940
 -120.000   0.866   0.975   0.216   1.000   0.866   0.866
 -115.000   0.766   1.068   0.227   1.000   0.766   0.766
 -110.000   0.643   1.148   0.235   1.000   0.643   0.643
 -105.000   0.500   1.213   0.241   1.000   0.500   0.500
 -100.000   0.342   1.261   0.246   1.000   0.342   0.342
  -95.000   0.174   1.290   0.249   1.000   0.174   0.174
  -90.000   0.000   1.300   0.250   1.000   0.000   0.000
  -85.000  -0.174   1.290   0.249   1.000  -0.174  -0.174
  -80.000  -0.342   1.261   0.246   1.000  -0.342  -0.342
  -75.000  -0.500   1.213   0.241   1.000  -0.500  -0.500
  -70.000  -0.643   1.148   0.235   1.000  -0.643  -0.643
  -65.000  -0.766   1.068   0.227   1.000  -0.766  -0.766
  -60.000  -0.866   0.975   0.216   1.000  -0.866  -0.866
  -55.000  -0.940   0.872   0.205   1.000  -0.940  -0.940
  -50.000  -0.985   0.763   0.192   1.000  -0.985  -0.985
  -45.000  -1.000   0.650   0.177   1.000  -1.000  -1.000
  -40.000  -0.962   0.542   0.142   1.000  -0.962  -0.962
  -39.000  -0.864   0.521   0.135   1.000  -0.864  -0.864
  -38.000  -0.776   0.499   0.128   1.000  -0.776  -0.776
  -37.000  -0.678   0.477   0.120   1.000  -0.678  -0.678
  -36.000  -0.601   0.456   0.114   1.000  -0.601  -0.601
  -35.000  -0.493   0.434   0.106   1.000  -0.493  -0.493
  -34.000  -0.415   0.413   0.099   1.000  -0.415  -0.415
  -33.000  -0.328   0.391   0.092   1.000  -0.328  -0.328
  -32.000  -0.237   0.243  -0.047   1.000  -0.237  -0.237
  -30.000  -0.157   0.223  -0.061   1.000  -0.157  -0.157
  -28.000  -0.078   0.203  -0.074   1.000  -0.078  -0.078
  -26.000   0.012   0.186  -0.087   1.000   0.012   0.012
  -24.000   0.101   0.168  -0.101   1.000   0.101   0.101
  -22.000   0.196   0.153  -0.113   1.000   0.196   0.196
  -20.000   0.292   0.137  -0.126   1.000   0.292   0.292
  -18.000   0.393   0.124  -0.137   1.000   0.393   0.393
  -16.000   0.495   0.111  -0.148   1.000   0.495   0.495
  -14.000   0.600   0.101  -0.157   1.000   0.600   0.600
  -12.000   0.706   0.091  -0.166   1.000   0.706   0.706
  -10.000   0.788   0.084  -0.168   1.000   0.788   0.788
   -8.000   0.870   0.076  -0.169   1.000   0.870   0.870
   -6.000   0.829   0.075  -0.146   1.000   0.829   0.829
   -4.000   0.788   0.073  -0.123   1.000   0.788   0.788
   -2.000   0.595   0.076  -0.081   1.000   0.595   0.595
    0.000   0.402   0.078  -0.040   1.000   0.402   0.402
    2.000   0.078   0.078   0.016   1.000   0.078   0.078
    4.000  -0.359   0.071   0.093   1.000  -0.359  -0.359
    6.000  -0.200   0.080   0.052   1.000  -0.200  -0.200
    8.000  -0.027   0.096   0.013   1.000  -0.027  -0.027
   10.000   0.113   0.115  -0.017   1.000   0.113   0.113
   12.000   0.230   0.136  -0.044   1.000   0.230   0.230
   14.000   0.330   0.161  -0.067   1.000   0.330   0.330
   16.000   0.419   0.187  -0.088   1.000   0.419   0.419
   18.000   0.498   0.215  -0.108   1.000   0.498   0.498
   20.000   0.540   0.249  -0.125   1.000   0.540   0.540
   22.000   0.602   0.282  -0.142   1.000   0.602   0.602
   24.000   0.664   0.314  -0.159   1.000   0.664   0.664
   26.000   0.738   0.344  -0.175   1.000   0.738   0.738
   28.000   0.813   0.374  -0.192   1.000   0.813   0.813
   30.000   0.864   0.407  -0.205   1.000   0.864   0.864
   32.000   0.916   0.439  -0.219   1.000   0.916   0.916
   33.000   0.951   0.429  -0.137   1.000   0.951   0.951
   34.000   0.973   0.450  -0.141   1.000   0.973   0.973
   35.000   0.985   0.471  -0.145   1.000   0.985   0.985
   36.000   1.016   0.492  -0.149   1.000   1.016   1.016
   37.000   1.038   0.513  -0.153   1.000   1.038   1.038
   38.000   1.050   0.534  -0.157   1.000   1.050   1.050
   39.000   1.052   0.555  -0.160   1.000   1.052   1.052
   40.000   1.053   0.575  -0.164   1.000   1.053   1.053
   45.000   1.030   0.677  -0.183   1.000   1.030   1.030
   50.000   0.976   0.776  -0.194   1.000   0.976   0.976
   55.000   0.921   0.876  -0.205   1.000   0.921   0.921
   60.000   0.866   0.975  -0.216   1.000   0.866   0.866
   65.000   0.766   1.068  -0.227   1.000   0.766   0.766
   70.000   0.643   1.148  -0.235   1.000   0.643   0.643
   75.000   0.500   1.213  -0.241   1.000   0.500   0.500
   80.000   0.342   1.261  -0.246   1.000   0.342   0.342
   85.000   0.174   1.290  -0.249   1.000   0.174   0.174
   90.000   0.000   1.300  -0.250   1.000   0.000   0.000
   95.000  -0.174   1.290  -0.249   1.000  -0.174  -0.174
  100.000  -0.342   1.261  -0.246   1.000  -0.342  -0.342
  105.000  -0.500   1.213  -0.241   1.000  -0.500  -0.500
  110.000  -0.643   1.148  -0.235   1.000  -0.643  -0.643
  115.000  -0.766   1.068  -0.227   1.000  -0.766  -0.766
  120.000  -0.866   0.975  -0.216   1.000  -0.866  -0.866
  125.000  -0.940   0.872  -0.205   1.000  -0.940  -0.940
  130.000  -0.985   0.763  -0.192   1.000  -0.985  -0.985
  135.000  -1.000   0.650  -0.177   1.000  -1.000  -1.000
  140.000  -0.985   0.537  -0.161   1.000  -0.985  -0.985
  145.000  -0.940   0.428  -0.143   1.000  -0.940  -0.940
  150.000  -0.866   0.325  -0.125   1.000  -0.866  -0.866
  155.000  -0.766   0.232  -0.106   1.000  -0.766  -0.766
  160.000  -0.643   0.152  -0.086   1.000  -0.643  -0.643
  165.000  -0.500   0.087  -0.065   1.000  -0.500  -0.500
  170.000  -0.342   0.039  -0.043   1.000  -0.342  -0.342
  175.000  -0.174   0.010  -0.022   1.000  -0.174  -0.174
  180.000   0.000   0.000   0.000   1.000   0.000   0.000
