 -180.000   0.000   0.000   0.000   0.000 -22.983   0.000
 -175.000   0.174   0.011   0.022   0.000 -22.335   0.174
 -170.000   0.342   0.045   0.043   0.000 -21.687   0.342
 -165.000   0.500   0.101   0.065   0.000 -21.039   0.500
 -160.000   0.643   0.175   0.086   0.000 -20.391   0.643
 -155.000   0.766   0.268   0.106   0.000 -19.743   0.766
 -150.000   0.866   0.375   0.125   0.000 -19.095   0.866
 -145.000   0.940   0.493   0.143   0.000 -18.447   0.940
 -140.000   0.985   0.620   0.161   0.000 -17.799   0.985
 -135.000   1.000   0.750   0.177   0.000 -17.150   1.000
 -130.000   0.985   0.880   0.192   0.000 -16.502   0.985
 -125.000   0.940   1.006   0.205   0.000 -15.854   0.940
 -120.000   0.866   1.125   0.216   0.000 -15.206   0.866
 -115.000   0.766   1.232   0.227   0.000 -14.558   0.766
 -110.000   0.643   1.325   0.235   0.000 -13.910   0.643
 -105.000   0.500   1.399   0.241   0.000 -13.262   0.500
 -100.000   0.342   1.455   0.246   0.000 -12.614   0.342
  -95.000   0.174   1.489   0.249   0.000 -11.966   0.174
  -90.000   0.000   1.500   0.250   0.000 -11.318   0.000
  -85.000  -0.174   1.489   0.249   0.000 -10.670  -0.174
  -80.000  -0.342   1.455   0.246   0.000 -10.022  -0.342
  -75.000  -0.500   1.399   0.241   0.000  -9.373  -0.500
  -70.000  -0.643   1.325   0.235   0.000  -8.725  -0.643
  -65.000  -0.766   1.232   0.227   0.000  -8.077  -0.766
  -60.000  -0.866   1.125   0.216   0.000  -7.429  -0.866
  -55.000  -0.940   1.006   0.205   0.000  -6.781  -0.940
  -50.000  -0.985   0.860   0.192   0.000  -6.133  -0.985
  -45.000  -1.012   0.712   0.171   0.000  -5.485  -1.012
  -40.000  -1.038   0.547   0.142   0.000  -4.837  -1.038
  -39.000  -1.042   0.516   0.135   0.000  -4.707  -1.042
  -38.000  -1.046   0.482   0.128   0.000  -4.578  -1.046
  -37.000  -1.052   0.449   0.118   0.000  -4.448  -1.052
  -36.000  -1.057   0.418   0.110   0.000  -4.318  -1.057
  -35.000  -1.061   0.385   0.101   0.000  -4.189  -1.061
  -34.000  -1.065   0.356   0.089   0.001  -4.059  -1.064
  -33.000  -1.072   0.329   0.082   0.002  -3.930  -1.066
  -32.000  -1.077   0.303   0.068   0.004  -3.800  -1.065
  -30.000  -1.089   0.256   0.051   0.012  -3.541  -1.059
  -28.000  -1.099   0.209   0.034   0.025  -3.282  -1.044
  -26.000  -1.117   0.176   0.021   0.047  -3.022  -1.024
  -24.000  -1.128   0.142   0.007   0.077  -2.763  -0.991
  -22.000  -1.121   0.118  -0.001   0.115  -2.504  -0.943
  -20.000  -1.115   0.094  -0.009   0.168  -2.245  -0.887
  -18.000  -1.092   0.076  -0.012   0.233  -1.985  -0.820
  -16.000  -1.069   0.059  -0.016   0.329  -1.726  -0.746
  -14.000  -1.038   0.045  -0.016   0.466  -1.467  -0.664
  -12.000  -1.007   0.032  -0.015   0.682  -1.208  -0.575
  -10.000  -0.848   0.023  -0.032   0.794  -0.948  -0.461
   -8.000  -0.689   0.014  -0.048   1.000  -0.689  -0.345
   -6.000  -0.428   0.012  -0.061   0.990  -0.430  -0.215
   -4.000  -0.167   0.010  -0.074   0.951  -0.171  -0.085
   -2.000   0.086   0.009  -0.081   0.951   0.088   0.044
    0.000   0.339   0.009  -0.088   0.951   0.348   0.173
    2.000   0.587   0.009  -0.093   0.934   0.607   0.301
    4.000   0.830   0.010  -0.098   0.918   0.866   0.428
    6.000   1.066   0.011  -0.101   0.895   1.125   0.555
    8.000   1.291   0.012  -0.103   0.868   1.385   0.680
   10.000   1.501   0.014  -0.102   0.830   1.644   0.803
   12.000   1.689   0.017  -0.100   0.781   1.903   0.922
   14.000   1.810   0.023  -0.094   0.689   2.162   1.031
   16.000   1.814   0.035  -0.087   0.534   2.422   1.117
   18.000   1.754   0.065  -0.085   0.382   2.681   1.182
   20.000   1.607   0.103  -0.091   0.229   2.940   1.211
   22.000   1.526   0.144  -0.103   0.145   3.199   1.241
   24.000   1.443   0.184  -0.114   0.085   3.459   1.255
   26.000   1.383   0.229  -0.128   0.048   3.718   1.264
   28.000   1.322   0.274  -0.142   0.023   3.977   1.258
   30.000   1.258   0.328  -0.158   0.008   4.236   1.234
   32.000   1.194   0.382  -0.174   0.001   4.495   1.191
   33.000   1.173   0.421  -0.179   0.000   4.625   1.173
   34.000   1.157   0.450  -0.183   0.000   4.755   1.157
   35.000   1.138   0.481  -0.187   0.000   4.884   1.138
   36.000   1.125   0.510  -0.191   0.000   5.014   1.125
   37.000   1.118   0.545  -0.195   0.000   5.144   1.118
   38.000   1.102   0.574  -0.199   0.000   5.273   1.102
   39.000   1.089   0.600  -0.203   0.000   5.403   1.089
   40.000   1.075   0.628  -0.207   0.000   5.532   1.075
   45.000   1.018   0.758  -0.216   0.000   6.180   1.018
   50.000   0.972   0.882  -0.218   0.000   6.829   0.972
   55.000   0.927   1.010  -0.221   0.000   7.477   0.927
   60.000   0.866   1.125  -0.226   0.000   8.125   0.866
   65.000   0.766   1.232  -0.231   0.000   8.773   0.766
   70.000   0.643   1.325  -0.235   0.000   9.421   0.643
   75.000   0.500   1.399  -0.241   0.000  10.069   0.500
   80.000   0.342   1.455  -0.246   0.000  10.717   0.342
   85.000   0.174   1.489  -0.249   0.000  11.365   0.174
   90.000   0.000   1.500  -0.250   0.000  12.013   0.000
   95.000  -0.174   1.489  -0.249   0.000  12.661  -0.174
  100.000  -0.342   1.455  -0.246   0.000  13.309  -0.342
  105.000  -0.500   1.399  -0.241   0.000  13.957  -0.500
  110.000  -0.643   1.325  -0.235   0.000  14.605  -0.643
  115.000  -0.766   1.232  -0.227   0.000  15.254  -0.766
  120.000  -0.866   1.125  -0.216   0.000  15.902  -0.866
  125.000  -0.940   1.006  -0.205   0.000  16.550  -0.940
  130.000  -0.985   0.880  -0.192   0.000  17.198  -0.985
  135.000  -1.000   0.750  -0.177   0.000  17.846  -1.000
  140.000  -0.985   0.620  -0.161   0.000  18.494  -0.985
  145.000  -0.940   0.493  -0.143   0.000  19.142  -0.940
  150.000  -0.866   0.375  -0.125   0.000  19.790  -0.866
  155.000  -0.766   0.268  -0.106   0.000  20.438  -0.766
  160.000  -0.643   0.175  -0.086   0.000  21.086  -0.643
  165.000  -0.500   0.101  -0.065   0.000  21.734  -0.500
  170.000  -0.342   0.045  -0.043   0.000  22.382  -0.342
  175.000  -0.174   0.011  -0.022   0.000  23.031  -0.174
  180.000   0.000   0.000   0.000   0.000  23.679   0.000
